Original file:
C:\Users\Kryolabor\Desktop\Melissa_Marc\gelbes_Salz.txt
Date / time: 30.11.2022, 10:07:38
Sample: gelbes Blutlaugensalz
Comments: 20mV Antriebsspannung, gelbes Blutlaugensalz
Channel #	Counts	Counts (folded)
      0	 200812	 401630
      1	 200871	 402414
      2	 200894	 401516
      3	 200940	 401957
      4	 200166	 401753
      5	 200916	 401995
      6	 201636	 402798
      7	 200971	 401776
      8	 201265	 402789
      9	 200929	 402486
     10	 199719	 402098
     11	 201747	 402514
     12	 200859	 402056
     13	 201412	 401821
     14	 201170	 401584
     15	 201402	 402555
     16	 201339	 402734
     17	 200971	 402528
     18	 201463	 402924
     19	 201658	 403041
     20	 201433	 402197
     21	 200632	 401555
     22	 200881	 402175
     23	 200476	 401455
     24	 201087	 402423
     25	 200418	 401116
     26	 201349	 402331
     27	 201034	 402814
     28	 201045	 401704
     29	 201205	 402314
     30	 200864	 400813
     31	 201096	 401530
     32	 200680	 402287
     33	 200779	 401305
     34	 201227	 402630
     35	 200221	 400663
     36	 201038	 401680
     37	 200365	 401551
     38	 201412	 403337
     39	 201480	 402603
     40	 200685	 401397
     41	 201057	 402077
     42	 200520	 401708
     43	 201187	 402308
     44	 200645	 401339
     45	 200965	 401462
     46	 201116	 401696
     47	 201016	 402234
     48	 201182	 401582
     49	 201188	 402333
     50	 201800	 403305
     51	 200853	 402005
     52	 201648	 402773
     53	 201288	 403130
     54	 200224	 401372
     55	 201377	 402923
     56	 200360	 400792
     57	 200768	 402230
     58	 200002	 400634
     59	 201449	 403141
     60	 200794	 401704
     61	 200914	 401752
     62	 201288	 401522
     63	 201439	 403006
     64	 200823	 402472
     65	 201524	 402492
     66	 201132	 401749
     67	 201004	 402409
     68	 201781	 402888
     69	 201388	 401772
     70	 201467	 402308
     71	 200208	 401534
     72	 200946	 401272
     73	 200899	 401264
     74	 200671	 402047
     75	 200174	 400969
     76	 200740	 401608
     77	 200370	 401955
     78	 200743	 401425
     79	 201005	 402530
     80	 200782	 401848
     81	 201051	 403239
     82	 201061	 402097
     83	 201107	 401460
     84	 201142	 401934
     85	 202004	 402619
     86	 200784	 402109
     87	 200813	 402159
     88	 200990	 401949
     89	 200201	 401377
     90	 201530	 403257
     91	 201683	 401590
     92	 200625	 401492
     93	 201613	 402750
     94	 200763	 401985
     95	 200984	 401447
     96	 201024	 401638
     97	 200142	 401317
     98	 200624	 401547
     99	 201162	 402095
    100	 201158	 402563
    101	 200268	 401254
    102	 201408	 403580
    103	 201456	 403068
    104	 201213	 402300
    105	 201127	 401738
    106	 201089	 402119
    107	 200925	 402768
    108	 201291	 401966
    109	 201623	 401617
    110	 201409	 402161
    111	 201350	 402410
    112	 201015	 401754
    113	 201313	 402469
    114	 200733	 401767
    115	 200824	 402146
    116	 200957	 401088
    117	 201535	 402003
    118	 201264	 402047
    119	 201386	 402025
    120	 201027	 401752
    121	 200851	 401615
    122	 200268	 400869
    123	 201004	 401952
    124	 200634	 401585
    125	 200755	 401585
    126	 200571	 401528
    127	 200314	 401696
    128	 201614	 402855
    129	 201633	 402233
    130	 201016	 401971
    131	 200901	 402049
    132	 201321	 401630
    133	 200907	 402649
    134	 200597	 400572
    135	 201806	 402963
    136	 201058	 401450
    137	 202073	 402952
    138	 200145	 400923
    139	 201526	 402601
    140	 200823	 401872
    141	 201014	 402340
    142	 200966	 402510
    143	 201181	 402186
    144	 201568	 402901
    145	 201741	 403033
    146	 200920	 401661
    147	 200415	 401767
    148	 201002	 401418
    149	 200768	 402086
    150	 201049	 401371
    151	 201459	 402484
    152	 200198	 400764
    153	 200801	 402128
    154	 200889	 401962
    155	 201453	 401837
    156	 201384	 402672
    157	 200387	 401767
    158	 200957	 401705
    159	 200592	 401234
    160	 200423	 401267
    161	 200320	 401231
    162	 201531	 402896
    163	 201037	 401671
    164	 200751	 401465
    165	 200261	 400544
    166	 200858	 401971
    167	 201182	 402350
    168	 201293	 402403
    169	 201404	 402658
    170	 200020	 400931
    171	 201562	 402143
    172	 199711	 400137
    173	 200928	 401640
    174	 200601	 401776
    175	 201399	 402747
    176	 200837	 401084
    177	 201106	 400947
    178	 201164	 402150
    179	 200546	 400699
    180	 201285	 402054
    181	 201256	 402437
    182	 199843	 400536
    183	 199994	 400080
    184	 200723	 401575
    185	 201261	 402204
    186	 201753	 401651
    187	 201688	 401713
    188	 200927	 402397
    189	 200828	 401135
    190	 200162	 400189
    191	 200896	 402042
    192	 201029	 401365
    193	 201020	 402310
    194	 199977	 400508
    195	 200004	 401190
    196	 200798	 401203
    197	 200912	 401504
    198	 201050	 401627
    199	 201321	 401789
    200	 200680	 401026
    201	 200608	 401178
    202	 199567	 400416
    203	 200464	 401228
    204	 200081	 400115
    205	 200455	 400616
    206	 200412	 400812
    207	 200607	 400514
    208	 200693	 400763
    209	 200477	 401464
    210	 200991	 401616
    211	 200625	 400832
    212	 200858	 400991
    213	 200134	 400470
    214	 200213	 400612
    215	 200464	 401176
    216	 200515	 400568
    217	 199906	 399876
    218	 201262	 401872
    219	 200367	 400265
    220	 200218	 400640
    221	 200075	 399292
    222	 199576	 399254
    223	 200182	 399394
    224	 199775	 399290
    225	 199922	 398905
    226	 199807	 398196
    227	 200152	 399505
    228	 200271	 399806
    229	 199879	 398745
    230	 199239	 398350
    231	 199496	 398455
    232	 199062	 397349
    233	 199946	 398986
    234	 198783	 396802
    235	 199058	 397161
    236	 199259	 397845
    237	 197839	 395351
    238	 198380	 396803
    239	 197625	 395809
    240	 196801	 394358
    241	 197562	 394449
    242	 197921	 395672
    243	 196987	 392319
    244	 195620	 390736
    245	 196734	 391889
    246	 195902	 390616
    247	 195230	 389019
    248	 194828	 387412
    249	 194524	 386179
    250	 192998	 383479
    251	 191696	 381292
    252	 191452	 378295
    253	 190146	 375763
    254	 189710	 372125
    255	 186975	 366663
    256	 184477	 361205
    257	 181660	 354135
    258	 177256	 345849
    259	 174432	 339345
    260	 171352	 333710
    261	 168356	 328811
    262	 163960	 323221
    263	 162352	 323401
    264	 160911	 323244
    265	 160208	 325905
    266	 161606	 330921
    267	 164425	 337458
    268	 166745	 342936
    269	 171812	 351327
    270	 174806	 356907
    271	 178074	 362318
    272	 181731	 368791
    273	 183890	 373621
    274	 185932	 376130
    275	 188505	 380702
    276	 190226	 382920
    277	 191221	 385314
    278	 191968	 386815
    279	 194437	 389425
    280	 195268	 391237
    281	 195031	 390662
    282	 195351	 392359
    283	 196676	 393530
    284	 196495	 393288
    285	 197832	 394938
    286	 197512	 396139
    287	 197518	 396029
    288	 197994	 395371
    289	 197871	 396019
    290	 198029	 397160
    291	 198773	 397688
    292	 198715	 397488
    293	 199401	 398579
    294	 199367	 399504
    295	 199976	 399495
    296	 199046	 398308
    297	 200041	 399156
    298	 198932	 399074
    299	 199404	 398278
    300	 199392	 398514
    301	 199733	 399284
    302	 200205	 400763
    303	 200279	 399859
    304	 199150	 398689
    305	 200006	 400401
    306	 200602	 401315
    307	 199363	 400322
    308	 199982	 400490
    309	 199979	 399495
    310	 199886	 399853
    311	 200641	 400399
    312	 200186	 400952
    313	 200502	 400355
    314	 200496	 400689
    315	 200301	 400678
    316	 199481	 399855
    317	 201641	 401179
    318	 200722	 401193
    319	 200675	 400758
    320	 200793	 399975
    321	 201302	 400540
    322	 200571	 401909
    323	 200719	 400497
    324	 200522	 401435
    325	 200805	 401348
    326	 200284	 400875
    327	 200717	 401287
    328	 200270	 400805
    329	 200741	 401942
    330	 201011	 401976
    331	 200333	 400827
    332	 200780	 400995
    333	 200259	 401591
    334	 200909	 401484
    335	 200831	 401526
    336	 201067	 401674
    337	 200911	 402332
    338	 200935	 401428
    339	 200816	 400614
    340	 200844	 402192
    341	 201722	 402455
    342	 201288	 401999
    343	 200816	 401248
    344	 200286	 401180
    345	 202241	 403797
    346	 201398	 402266
    347	 201166	 401467
    348	 201138	 401474
    349	 201235	 401671
    350	 201213	 402100
    351	 201484	 402852
    352	 200791	 401613
    353	 200658	 401601
    354	 201560	 401130
    355	 200260	 400873
    356	 201200	 401945
    357	 200642	 402225
    358	 201402	 401983
    359	 200722	 401264
    360	 201372	 402146
    361	 201247	 403151
    362	 201106	 401934
    363	 201003	 402173
    364	 201184	 402067
    365	 200814	 401821
    366	 201058	 402220
    367	 200648	 400884
    368	 200977	 401491
    369	 201091	 402299
    370	 201345	 402044
    371	 201496	 402291
    372	 201441	 401324
    373	 201058	 400874
    374	 201662	 402258
    375	 200967	 402418
    376	 200980	 400795
    377	 200103	 400628
    378	 200897	 401452
    379	 200809	 401163
    380	 200612	 401405
    381	 201321	 401749
    382	 200957	 401114
    383	 200291	 400618
    384	 200908	 401290
    385	 201337	 401879
    386	 201335	 402422
    387	 200826	 401580
    388	 200229	 401931
    389	 200660	 401325
    390	 200782	 401847
    391	 201734	 402615
    392	 201172	 402025
    393	 201143	 401930
    394	 201340	 402343
    395	 201125	 401446
    396	 200757	 402438
    397	 200951	 401259
    398	 201250	 402259
    399	 201512	 402880
    400	 200533	 401044
    401	 200104	 400760
    402	 200599	 401516
    403	 200975	 401950
    404	 200505	 401897
    405	 201314	 402189
    406	 200508	 401987
    407	 201217	 401676
    408	 201722	 403047
    409	 201075	 401632
    410	 201018	 402140
    411	 200793	 401629
    412	 201048	 402273
    413	 201493	 402722
    414	 200936	 401794
    415	 200467	 399910
    416	 200728	 402172
    417	 201180	 402597
    418	 201684	 402991
    419	 201260	 401934
    420	 201091	 400993
    421	 202043	 402475
    422	 200848	 401456
    423	 201157	 401899
    424	 200713	 401127
    425	 200592	 401520
    426	 200714	 401078
    427	 201302	 401939
    428	 201265	 401943
    429	 200699	 402081
    430	 201836	 402838
    431	 200609	 400946
    432	 200609	 401575
    433	 201057	 401444
    434	 201701	 403744
    435	 201158	 401629
    436	 200522	 401477
    437	 200891	 401461
    438	 201132	 402031
    439	 201356	 402976
    440	 200843	 401250
    441	 200848	 400542
    442	 200960	 402207
    443	 200786	 401873
    444	 200102	 401288
    445	 201019	 400943
    446	 200339	 400376
    447	 200979	 401882
    448	 201396	 402455
    449	 201512	 401930
    450	 201487	 402349
    451	 201437	 402986
    452	 201854	 403033
    453	 200732	 400657
    454	 201444	 403085
    455	 201525	 403018
    456	 200918	 401770
    457	 199933	 401035
    458	 201413	 402554
    459	 201039	 401698
    460	 201358	 402207
    461	 200395	 401379
    462	 201446	 402371
    463	 200642	 401583
    464	 200860	 401539
    465	 201460	 402256
    466	 201306	 401844
    467	 201508	 401426
    468	 200868	 402197
    469	 200444	 401934
    470	 200562	 401258
    471	 200673	 402308
    472	 200630	 401671
    473	 200343	 401645
    474	 200809	 401743
    475	 201562	 401907
    476	 200005	 400960
    477	 201276	 401646
    478	 201279	 402338
    479	 201985	 403053
    480	 200808	 401952
    481	 201363	 402249
    482	 200949	 400806
    483	 200392	 400409
    484	 202169	 403416
    485	 200529	 401804
    486	 200818	 401893
    487	 200999	 402258
    488	 201126	 401771
    489	 200815	 402243
    490	 201667	 402501
    491	 200303	 401135
    492	 201141	 401618
    493	 200990	 402510
    494	 200663	 401696
    495	 200803	 402449
    496	 201583	 402007
    497	 201162	 401150
    498	 200999	 401755
    499	 201982	 402945
    500	 201007	 401404
    501	 200867	 401755
    502	 201013	 401739
    503	 201693	 402635
    504	 200518	 401050
    505	 200620	 401557
    506	 200057	 401049
    507	 201775	 402911
    508	 201108	 402295
    509	 200966	 402323
    510	 201138	 401498
    511	 200786	 401600
    512	 200814	      0
    513	 200360	      0
    514	 201357	      0
    515	 201187	      0
    516	 201136	      0
    517	 200992	      0
    518	 200937	      0
    519	 200532	      0
    520	 200942	      0
    521	 200726	      0
    522	 200888	      0
    523	 200397	      0
    524	 200963	      0
    525	 200756	      0
    526	 199988	      0
    527	 200424	      0
    528	 201646	      0
    529	 201033	      0
    530	 201520	      0
    531	 200477	      0
    532	 200832	      0
    533	 200834	      0
    534	 201428	      0
    535	 200645	      0
    536	 201259	      0
    537	 201075	      0
    538	 201275	      0
    539	 201247	      0
    540	 200017	      0
    541	 199857	      0
    542	 200886	      0
    543	 201144	      0
    544	 201068	      0
    545	 201059	      0
    546	 200370	      0
    547	 200955	      0
    548	 200345	      0
    549	 200934	      0
    550	 201302	      0
    551	 201041	      0
    552	 201635	      0
    553	 200696	      0
    554	 201490	      0
    555	 201329	      0
    556	 199918	      0
    557	 200538	      0
    558	 200796	      0
    559	 200679	      0
    560	 200941	      0
    561	 200925	      0
    562	 200984	      0
    563	 200849	      0
    564	 200659	      0
    565	 201141	      0
    566	 201102	      0
    567	 200852	      0
    568	 201493	      0
    569	 201641	      0
    570	 199925	      0
    571	 201179	      0
    572	 201549	      0
    573	 200862	      0
    574	 200418	      0
    575	 201059	      0
    576	 200903	      0
    577	 200037	      0
    578	 199924	      0
    579	 201186	      0
    580	 201087	      0
    581	 201247	      0
    582	 199694	      0
    583	 200407	      0
    584	 201620	      0
    585	 200899	      0
    586	 200570	      0
    587	 200955	      0
    588	 200471	      0
    589	 202043	      0
    590	 200387	      0
    591	 200966	      0
    592	 200337	      0
    593	 201002	      0
    594	 201382	      0
    595	 200678	      0
    596	 200637	      0
    597	 200364	      0
    598	 200928	      0
    599	 200414	      0
    600	 200742	      0
    601	 200608	      0
    602	 200432	      0
    603	 199902	      0
    604	 200674	      0
    605	 201307	      0
    606	 201417	      0
    607	 201444	      0
    608	 199443	      0
    609	 200858	      0
    610	 201229	      0
    611	 201225	      0
    612	 200836	      0
    613	 201122	      0
    614	 200557	      0
    615	 201325	      0
    616	 200459	      0
    617	 201479	      0
    618	 200875	      0
    619	 201392	      0
    620	 200975	      0
    621	 200917	      0
    622	 200656	      0
    623	 200511	      0
    624	 201368	      0
    625	 201009	      0
    626	 200308	      0
    627	 201681	      0
    628	 200321	      0
    629	 201003	      0
    630	 200787	      0
    631	 200853	      0
    632	 200881	      0
    633	 201065	      0
    634	 200665	      0
    635	 201702	      0
    636	 200754	      0
    637	 201087	      0
    638	 200542	      0
    639	 200382	      0
    640	 200327	      0
    641	 200157	      0
    642	 200428	      0
    643	 200793	      0
    644	 200354	      0
    645	 200555	      0
    646	 200525	      0
    647	 199815	      0
    648	 201451	      0
    649	 200596	      0
    650	 199816	      0
    651	 199883	      0
    652	 200795	      0
    653	 200699	      0
    654	 201208	      0
    655	 200514	      0
    656	 200236	      0
    657	 201162	      0
    658	 201007	      0
    659	 200883	      0
    660	 201170	      0
    661	 200828	      0
    662	 201904	      0
    663	 200774	      0
    664	 200542	      0
    665	 200581	      0
    666	 201583	      0
    667	 200745	      0
    668	 200613	      0
    669	 199570	      0
    670	 200943	      0
    671	 200822	      0
    672	 201368	      0
    673	 200887	      0
    674	 200436	      0
    675	 200336	      0
    676	 200301	      0
    677	 200868	      0
    678	 201556	      0
    679	 200894	      0
    680	 200432	      0
    681	 200711	      0
    682	 200733	      0
    683	 201348	      0
    684	 199798	      0
    685	 200493	      0
    686	 201421	      0
    687	 200607	      0
    688	 200695	      0
    689	 200575	      0
    690	 201332	      0
    691	 200215	      0
    692	 200494	      0
    693	 200965	      0
    694	 201201	      0
    695	 200535	      0
    696	 200570	      0
    697	 200591	      0
    698	 200543	      0
    699	 200913	      0
    700	 199778	      0
    701	 201338	      0
    702	 199238	      0
    703	 199182	      0
    704	 200083	      0
    705	 200471	      0
    706	 199538	      0
    707	 200374	      0
    708	 200377	      0
    709	 200193	      0
    710	 199853	      0
    711	 200766	      0
    712	 199758	      0
    713	 199967	      0
    714	 199516	      0
    715	 200508	      0
    716	 200959	      0
    717	 200713	      0
    718	 200395	      0
    719	 199539	      0
    720	 199580	      0
    721	 200558	      0
    722	 199551	      0
    723	 199122	      0
    724	 198874	      0
    725	 200142	      0
    726	 199115	      0
    727	 199262	      0
    728	 199519	      0
    729	 200137	      0
    730	 199178	      0
    731	 198773	      0
    732	 198915	      0
    733	 199131	      0
    734	 198148	      0
    735	 197377	      0
    736	 198511	      0
    737	 198627	      0
    738	 197106	      0
    739	 196793	      0
    740	 196854	      0
    741	 197008	      0
    742	 195631	      0
    743	 195969	      0
    744	 194988	      0
    745	 194847	      0
    746	 194093	      0
    747	 192694	      0
    748	 192197	      0
    749	 190198	      0
    750	 189731	      0
    751	 187060	      0
    752	 184244	      0
    753	 182101	      0
    754	 179515	      0
    755	 176191	      0
    756	 173033	      0
    757	 169315	      0
    758	 165697	      0
    759	 162333	      0
    760	 161049	      0
    761	 159261	      0
    762	 160455	      0
    763	 162358	      0
    764	 164913	      0
    765	 168593	      0
    766	 172475	      0
    767	 176728	      0
    768	 179688	      0
    769	 182415	      0
    770	 185617	      0
    771	 186843	      0
    772	 189596	      0
    773	 190481	      0
    774	 191655	      0
    775	 192584	      0
    776	 193789	      0
    777	 194714	      0
    778	 195155	      0
    779	 195116	      0
    780	 195332	      0
    781	 197751	      0
    782	 196887	      0
    783	 197557	      0
    784	 198184	      0
    785	 198423	      0
    786	 197512	      0
    787	 198586	      0
    788	 198103	      0
    789	 198019	      0
    790	 199040	      0
    791	 198287	      0
    792	 198959	      0
    793	 199111	      0
    794	 198866	      0
    795	 199535	      0
    796	 199353	      0
    797	 198389	      0
    798	 198983	      0
    799	 199515	      0
    800	 199212	      0
    801	 199678	      0
    802	 199217	      0
    803	 200422	      0
    804	 199898	      0
    805	 200610	      0
    806	 199970	      0
    807	 200053	      0
    808	 200712	      0
    809	 200399	      0
    810	 200336	      0
    811	 200133	      0
    812	 200207	      0
    813	 200625	      0
    814	 200987	      0
    815	 200070	      0
    816	 199907	      0
    817	 200400	      0
    818	 200161	      0
    819	 200034	      0
    820	 200764	      0
    821	 200849	      0
    822	 200570	      0
    823	 200346	      0
    824	 200468	      0
    825	 200577	      0
    826	 200592	      0
    827	 200405	      0
    828	 201186	      0
    829	 200531	      0
    830	 201290	      0
    831	 200336	      0
    832	 201146	      0
    833	 200027	      0
    834	 200307	      0
    835	 201470	      0
    836	 200025	      0
    837	 199898	      0
    838	 200943	      0
    839	 200852	      0
    840	 200086	      0
    841	 200693	      0
    842	 201181	      0
    843	 200769	      0
    844	 200153	      0
    845	 200986	      0
    846	 199841	      0
    847	 200247	      0
    848	 201348	      0
    849	 201175	      0
    850	 200712	      0
    851	 200426	      0
    852	 200581	      0
    853	 200911	      0
    854	 201254	      0
    855	 201110	      0
    856	 201168	      0
    857	 201113	      0
    858	 200283	      0
    859	 200714	      0
    860	 200634	      0
    861	 201365	      0
    862	 200911	      0
    863	 200844	      0
    864	 200642	      0
    865	 200748	      0
    866	 201380	      0
    867	 201288	      0
    868	 200384	      0
    869	 201073	      0
    870	 201327	      0
    871	 200566	      0
    872	 201025	      0
    873	 200322	      0
    874	 201318	      0
    875	 200416	      0
    876	 201352	      0
    877	 200741	      0
    878	 201292	      0
    879	 201333	      0
    880	 201005	      0
    881	 201544	      0
    882	 201326	      0
    883	 201049	      0
    884	 201075	      0
    885	 200778	      0
    886	 200879	      0
    887	 200392	      0
    888	 201157	      0
    889	 199975	      0
    890	 201742	      0
    891	 200309	      0
    892	 201148	      0
    893	 200955	      0
    894	 200600	      0
    895	 201241	      0
    896	 201382	      0
    897	 200957	      0
    898	 200830	      0
    899	 200951	      0
    900	 200948	      0
    901	 200601	      0
    902	 200764	      0
    903	 200725	      0
    904	 200639	      0
    905	 200783	      0
    906	 200468	      0
    907	 200131	      0
    908	 201322	      0
    909	 201034	      0
    910	 201156	      0
    911	 200739	      0
    912	 201060	      0
    913	 200752	      0
    914	 199994	      0
    915	 200675	      0
    916	 201843	      0
    917	 201030	      0
    918	 200611	      0
    919	 201087	      0
    920	 201612	      0
    921	 202172	      0
    922	 200986	      0
    923	 201405	      0
    924	 200933	      0
    925	 200923	      0
    926	 201175	      0
    927	 200614	      0
    928	 200463	      0
    929	 201222	      0
    930	 201137	      0
    931	 200867	      0
    932	 199907	      0
    933	 201727	      0
    934	 201176	      0
    935	 200959	      0
    936	 201346	      0
    937	 201325	      0
    938	 200615	      0
    939	 200792	      0
    940	 200353	      0
    941	 201036	      0
    942	 202188	      0
    943	 201066	      0
    944	 201525	      0
    945	 200682	      0
    946	 201585	      0
    947	 200868	      0
    948	 200795	      0
    949	 201376	      0
    950	 200365	      0
    951	 200326	      0
    952	 201326	      0
    953	 200841	      0
    954	 200384	      0
    955	 201107	      0
    956	 201405	      0
    957	 200617	      0
    958	 200968	      0
    959	 201649	      0
    960	 201567	      0
    961	 200234	      0
    962	 200838	      0
    963	 200910	      0
    964	 201692	      0
    965	 200632	      0
    966	 201462	      0
    967	 200432	      0
    968	 201546	      0
    969	 201148	      0
    970	 201842	      0
    971	 201125	      0
    972	 201152	      0
    973	 201505	      0
    974	 201145	      0
    975	 200400	      0
    976	 201218	      0
    977	 200580	      0
    978	 200497	      0
    979	 200694	      0
    980	 201121	      0
    981	 201188	      0
    982	 201020	      0
    983	 200712	      0
    984	 201123	      0
    985	 201925	      0
    986	 201186	      0
    987	 200642	      0
    988	 200442	      0
    989	 201403	      0
    990	 200526	      0
    991	 201607	      0
    992	 200434	      0
    993	 199949	      0
    994	 201109	      0
    995	 200659	      0
    996	 201780	      0
    997	 200982	      0
    998	 200698	      0
    999	 201336	      0
   1000	 200979	      0
   1001	 201294	      0
   1002	 200923	      0
   1003	 200764	      0
   1004	 201383	      0
   1005	 201461	      0
   1006	 201557	      0
   1007	 201395	      0
   1008	 201153	      0
   1009	 200414	      0
   1010	 200409	      0
   1011	 201197	      0
   1012	 200767	      0
   1013	 202379	      0
   1014	 201557	      0
   1015	 201524	      0
   1016	 200805	      0
   1017	 201162	      0
   1018	 201079	      0
   1019	 201587	      0
   1020	 201017	      0
   1021	 200622	      0
   1022	 201543	      0
   1023	 200818	      0
Original file:
C:\Users\Kryolabor\Desktop\Melissa_Marc\gelbes_Salz.txt
Date / time: 30.11.2022, 10:07:40
Sample: gelbes Blutlaugensalz
Comments: 20mV Antriebsspannung, gelbes Blutlaugensalz
Channel #	Counts	Counts (folded)
      0	 200812	 401630
      1	 200871	 402414
      2	 200894	 401516
      3	 200940	 401957
      4	 200166	 401753
      5	 200916	 401995
      6	 201636	 402798
      7	 200971	 401776
      8	 201265	 402789
      9	 200929	 402486
     10	 199719	 402098
     11	 201747	 402514
     12	 200859	 402056
     13	 201412	 401821
     14	 201170	 401584
     15	 201402	 402555
     16	 201339	 402734
     17	 200971	 402528
     18	 201463	 402924
     19	 201658	 403041
     20	 201433	 402197
     21	 200632	 401555
     22	 200881	 402175
     23	 200476	 401455
     24	 201087	 402423
     25	 200418	 401116
     26	 201349	 402331
     27	 201034	 402814
     28	 201045	 401704
     29	 201205	 402314
     30	 200864	 400813
     31	 201096	 401530
     32	 200680	 402287
     33	 200779	 401305
     34	 201227	 402630
     35	 200221	 400663
     36	 201038	 401680
     37	 200365	 401551
     38	 201412	 403337
     39	 201480	 402603
     40	 200685	 401397
     41	 201057	 402077
     42	 200520	 401708
     43	 201187	 402308
     44	 200645	 401339
     45	 200965	 401462
     46	 201116	 401696
     47	 201016	 402234
     48	 201182	 401582
     49	 201188	 402333
     50	 201800	 403305
     51	 200853	 402005
     52	 201648	 402773
     53	 201288	 403130
     54	 200224	 401372
     55	 201377	 402923
     56	 200360	 400792
     57	 200768	 402230
     58	 200002	 400634
     59	 201449	 403141
     60	 200794	 401704
     61	 200914	 401752
     62	 201288	 401522
     63	 201439	 403006
     64	 200823	 402472
     65	 201524	 402492
     66	 201132	 401749
     67	 201004	 402409
     68	 201781	 402888
     69	 201388	 401772
     70	 201467	 402308
     71	 200208	 401534
     72	 200946	 401272
     73	 200899	 401264
     74	 200671	 402047
     75	 200174	 400969
     76	 200740	 401608
     77	 200370	 401955
     78	 200743	 401425
     79	 201005	 402530
     80	 200782	 401848
     81	 201051	 403239
     82	 201061	 402097
     83	 201107	 401460
     84	 201142	 401934
     85	 202004	 402619
     86	 200784	 402109
     87	 200813	 402159
     88	 200990	 401949
     89	 200201	 401377
     90	 201530	 403257
     91	 201683	 401590
     92	 200625	 401492
     93	 201613	 402750
     94	 200763	 401985
     95	 200984	 401447
     96	 201024	 401638
     97	 200142	 401317
     98	 200624	 401547
     99	 201162	 402095
    100	 201158	 402563
    101	 200268	 401254
    102	 201408	 403580
    103	 201456	 403068
    104	 201213	 402300
    105	 201127	 401738
    106	 201089	 402119
    107	 200925	 402768
    108	 201291	 401966
    109	 201623	 401617
    110	 201409	 402161
    111	 201350	 402410
    112	 201015	 401754
    113	 201313	 402469
    114	 200733	 401767
    115	 200824	 402146
    116	 200957	 401088
    117	 201535	 402003
    118	 201264	 402047
    119	 201386	 402025
    120	 201027	 401752
    121	 200851	 401615
    122	 200268	 400869
    123	 201004	 401952
    124	 200634	 401585
    125	 200755	 401585
    126	 200571	 401528
    127	 200314	 401696
    128	 201614	 402855
    129	 201633	 402233
    130	 201016	 401971
    131	 200901	 402049
    132	 201321	 401630
    133	 200907	 402649
    134	 200597	 400572
    135	 201806	 402963
    136	 201058	 401450
    137	 202073	 402952
    138	 200145	 400923
    139	 201526	 402601
    140	 200823	 401872
    141	 201014	 402340
    142	 200966	 402510
    143	 201181	 402186
    144	 201568	 402901
    145	 201741	 403033
    146	 200920	 401661
    147	 200415	 401767
    148	 201002	 401418
    149	 200768	 402086
    150	 201049	 401371
    151	 201459	 402484
    152	 200198	 400764
    153	 200801	 402128
    154	 200889	 401962
    155	 201453	 401837
    156	 201384	 402672
    157	 200387	 401767
    158	 200957	 401705
    159	 200592	 401234
    160	 200423	 401267
    161	 200320	 401231
    162	 201531	 402896
    163	 201037	 401671
    164	 200751	 401465
    165	 200261	 400544
    166	 200858	 401971
    167	 201182	 402350
    168	 201293	 402403
    169	 201404	 402658
    170	 200020	 400931
    171	 201562	 402143
    172	 199711	 400137
    173	 200928	 401640
    174	 200601	 401776
    175	 201399	 402747
    176	 200837	 401084
    177	 201106	 400947
    178	 201164	 402150
    179	 200546	 400699
    180	 201285	 402054
    181	 201256	 402437
    182	 199843	 400536
    183	 199994	 400080
    184	 200723	 401575
    185	 201261	 402204
    186	 201753	 401651
    187	 201688	 401713
    188	 200927	 402397
    189	 200828	 401135
    190	 200162	 400189
    191	 200896	 402042
    192	 201029	 401365
    193	 201020	 402310
    194	 199977	 400508
    195	 200004	 401190
    196	 200798	 401203
    197	 200912	 401504
    198	 201050	 401627
    199	 201321	 401789
    200	 200680	 401026
    201	 200608	 401178
    202	 199567	 400416
    203	 200464	 401228
    204	 200081	 400115
    205	 200455	 400616
    206	 200412	 400812
    207	 200607	 400514
    208	 200693	 400763
    209	 200477	 401464
    210	 200991	 401616
    211	 200625	 400832
    212	 200858	 400991
    213	 200134	 400470
    214	 200213	 400612
    215	 200464	 401176
    216	 200515	 400568
    217	 199906	 399876
    218	 201262	 401872
    219	 200367	 400265
    220	 200218	 400640
    221	 200075	 399292
    222	 199576	 399254
    223	 200182	 399394
    224	 199775	 399290
    225	 199922	 398905
    226	 199807	 398196
    227	 200152	 399505
    228	 200271	 399806
    229	 199879	 398745
    230	 199239	 398350
    231	 199496	 398455
    232	 199062	 397349
    233	 199946	 398986
    234	 198783	 396802
    235	 199058	 397161
    236	 199259	 397845
    237	 197839	 395351
    238	 198380	 396803
    239	 197625	 395809
    240	 196801	 394358
    241	 197562	 394449
    242	 197921	 395672
    243	 196987	 392319
    244	 195620	 390736
    245	 196734	 391889
    246	 195902	 390616
    247	 195230	 389019
    248	 194828	 387412
    249	 194524	 386179
    250	 192998	 383479
    251	 191696	 381292
    252	 191452	 378295
    253	 190146	 375763
    254	 189710	 372125
    255	 186975	 366663
    256	 184477	 361205
    257	 181660	 354135
    258	 177256	 345849
    259	 174432	 339345
    260	 171352	 333710
    261	 168356	 328811
    262	 163960	 323221
    263	 162352	 323401
    264	 160911	 323244
    265	 160208	 325905
    266	 161606	 330921
    267	 164425	 337458
    268	 166745	 342936
    269	 171812	 351327
    270	 174806	 356907
    271	 178074	 362318
    272	 181731	 368791
    273	 183890	 373621
    274	 185932	 376130
    275	 188505	 380702
    276	 190226	 382920
    277	 191221	 385314
    278	 191968	 386815
    279	 194437	 389425
    280	 195268	 391237
    281	 195031	 390662
    282	 195351	 392359
    283	 196676	 393530
    284	 196495	 393288
    285	 197832	 394938
    286	 197512	 396139
    287	 197518	 396029
    288	 197994	 395371
    289	 197871	 396019
    290	 198029	 397160
    291	 198773	 397688
    292	 198715	 397488
    293	 199401	 398579
    294	 199367	 399504
    295	 199976	 399495
    296	 199046	 398308
    297	 200041	 399156
    298	 198932	 399074
    299	 199404	 398278
    300	 199392	 398514
    301	 199733	 399284
    302	 200205	 400763
    303	 200279	 399859
    304	 199150	 398689
    305	 200006	 400401
    306	 200602	 401315
    307	 199363	 400322
    308	 199982	 400490
    309	 199979	 399495
    310	 199886	 399853
    311	 200641	 400399
    312	 200186	 400952
    313	 200502	 400355
    314	 200496	 400689
    315	 200301	 400678
    316	 199481	 399855
    317	 201641	 401179
    318	 200722	 401193
    319	 200675	 400758
    320	 200793	 399975
    321	 201302	 400540
    322	 200571	 401909
    323	 200719	 400497
    324	 200522	 401435
    325	 200805	 401348
    326	 200284	 400875
    327	 200717	 401287
    328	 200270	 400805
    329	 200741	 401942
    330	 201011	 401976
    331	 200333	 400827
    332	 200780	 400995
    333	 200259	 401591
    334	 200909	 401484
    335	 200831	 401526
    336	 201067	 401674
    337	 200911	 402332
    338	 200935	 401428
    339	 200816	 400614
    340	 200844	 402192
    341	 201722	 402455
    342	 201288	 401999
    343	 200816	 401248
    344	 200286	 401180
    345	 202241	 403797
    346	 201398	 402266
    347	 201166	 401467
    348	 201138	 401474
    349	 201235	 401671
    350	 201213	 402100
    351	 201484	 402852
    352	 200791	 401613
    353	 200658	 401601
    354	 201560	 401130
    355	 200260	 400873
    356	 201200	 401945
    357	 200642	 402225
    358	 201402	 401983
    359	 200722	 401264
    360	 201372	 402146
    361	 201247	 403151
    362	 201106	 401934
    363	 201003	 402173
    364	 201184	 402067
    365	 200814	 401821
    366	 201058	 402220
    367	 200648	 400884
    368	 200977	 401491
    369	 201091	 402299
    370	 201345	 402044
    371	 201496	 402291
    372	 201441	 401324
    373	 201058	 400874
    374	 201662	 402258
    375	 200967	 402418
    376	 200980	 400795
    377	 200103	 400628
    378	 200897	 401452
    379	 200809	 401163
    380	 200612	 401405
    381	 201321	 401749
    382	 200957	 401114
    383	 200291	 400618
    384	 200908	 401290
    385	 201337	 401879
    386	 201335	 402422
    387	 200826	 401580
    388	 200229	 401931
    389	 200660	 401325
    390	 200782	 401847
    391	 201734	 402615
    392	 201172	 402025
    393	 201143	 401930
    394	 201340	 402343
    395	 201125	 401446
    396	 200757	 402438
    397	 200951	 401259
    398	 201250	 402259
    399	 201512	 402880
    400	 200533	 401044
    401	 200104	 400760
    402	 200599	 401516
    403	 200975	 401950
    404	 200505	 401897
    405	 201314	 402189
    406	 200508	 401987
    407	 201217	 401676
    408	 201722	 403047
    409	 201075	 401632
    410	 201018	 402140
    411	 200793	 401629
    412	 201048	 402273
    413	 201493	 402722
    414	 200936	 401794
    415	 200467	 399910
    416	 200728	 402172
    417	 201180	 402597
    418	 201684	 402991
    419	 201260	 401934
    420	 201091	 400993
    421	 202043	 402475
    422	 200848	 401456
    423	 201157	 401899
    424	 200713	 401127
    425	 200592	 401520
    426	 200714	 401078
    427	 201302	 401939
    428	 201265	 401943
    429	 200699	 402081
    430	 201836	 402838
    431	 200609	 400946
    432	 200609	 401575
    433	 201057	 401444
    434	 201701	 403744
    435	 201158	 401629
    436	 200522	 401477
    437	 200891	 401461
    438	 201132	 402031
    439	 201356	 402976
    440	 200843	 401250
    441	 200848	 400542
    442	 200960	 402207
    443	 200786	 401873
    444	 200102	 401288
    445	 201019	 400943
    446	 200339	 400376
    447	 200979	 401882
    448	 201396	 402455
    449	 201512	 401930
    450	 201487	 402349
    451	 201437	 402986
    452	 201854	 403033
    453	 200732	 400657
    454	 201444	 403085
    455	 201525	 403018
    456	 200918	 401770
    457	 199933	 401035
    458	 201413	 402554
    459	 201039	 401698
    460	 201358	 402207
    461	 200395	 401379
    462	 201446	 402371
    463	 200642	 401583
    464	 200860	 401539
    465	 201460	 402256
    466	 201306	 401844
    467	 201508	 401426
    468	 200868	 402197
    469	 200444	 401934
    470	 200562	 401258
    471	 200673	 402308
    472	 200630	 401671
    473	 200343	 401645
    474	 200809	 401743
    475	 201562	 401907
    476	 200005	 400960
    477	 201276	 401646
    478	 201279	 402338
    479	 201985	 403053
    480	 200808	 401952
    481	 201363	 402249
    482	 200949	 400806
    483	 200392	 400409
    484	 202169	 403416
    485	 200529	 401804
    486	 200818	 401893
    487	 200999	 402258
    488	 201126	 401771
    489	 200815	 402243
    490	 201667	 402501
    491	 200303	 401135
    492	 201141	 401618
    493	 200990	 402510
    494	 200663	 401696
    495	 200803	 402449
    496	 201583	 402007
    497	 201162	 401150
    498	 200999	 401755
    499	 201982	 402945
    500	 201007	 401404
    501	 200867	 401755
    502	 201013	 401739
    503	 201693	 402635
    504	 200518	 401050
    505	 200620	 401557
    506	 200057	 401049
    507	 201775	 402911
    508	 201108	 402295
    509	 200966	 402323
    510	 201138	 401498
    511	 200786	 401600
    512	 200814	      0
    513	 200360	      0
    514	 201357	      0
    515	 201187	      0
    516	 201136	      0
    517	 200992	      0
    518	 200937	      0
    519	 200532	      0
    520	 200942	      0
    521	 200726	      0
    522	 200888	      0
    523	 200397	      0
    524	 200963	      0
    525	 200756	      0
    526	 199988	      0
    527	 200424	      0
    528	 201646	      0
    529	 201033	      0
    530	 201520	      0
    531	 200477	      0
    532	 200832	      0
    533	 200834	      0
    534	 201428	      0
    535	 200645	      0
    536	 201259	      0
    537	 201075	      0
    538	 201275	      0
    539	 201247	      0
    540	 200017	      0
    541	 199857	      0
    542	 200886	      0
    543	 201144	      0
    544	 201068	      0
    545	 201059	      0
    546	 200370	      0
    547	 200955	      0
    548	 200345	      0
    549	 200934	      0
    550	 201302	      0
    551	 201041	      0
    552	 201635	      0
    553	 200696	      0
    554	 201490	      0
    555	 201329	      0
    556	 199918	      0
    557	 200538	      0
    558	 200796	      0
    559	 200679	      0
    560	 200941	      0
    561	 200925	      0
    562	 200984	      0
    563	 200849	      0
    564	 200659	      0
    565	 201141	      0
    566	 201102	      0
    567	 200852	      0
    568	 201493	      0
    569	 201641	      0
    570	 199925	      0
    571	 201179	      0
    572	 201549	      0
    573	 200862	      0
    574	 200418	      0
    575	 201059	      0
    576	 200903	      0
    577	 200037	      0
    578	 199924	      0
    579	 201186	      0
    580	 201087	      0
    581	 201247	      0
    582	 199694	      0
    583	 200407	      0
    584	 201620	      0
    585	 200899	      0
    586	 200570	      0
    587	 200955	      0
    588	 200471	      0
    589	 202043	      0
    590	 200387	      0
    591	 200966	      0
    592	 200337	      0
    593	 201002	      0
    594	 201382	      0
    595	 200678	      0
    596	 200637	      0
    597	 200364	      0
    598	 200928	      0
    599	 200414	      0
    600	 200742	      0
    601	 200608	      0
    602	 200432	      0
    603	 199902	      0
    604	 200674	      0
    605	 201307	      0
    606	 201417	      0
    607	 201444	      0
    608	 199443	      0
    609	 200858	      0
    610	 201229	      0
    611	 201225	      0
    612	 200836	      0
    613	 201122	      0
    614	 200557	      0
    615	 201325	      0
    616	 200459	      0
    617	 201479	      0
    618	 200875	      0
    619	 201392	      0
    620	 200975	      0
    621	 200917	      0
    622	 200656	      0
    623	 200511	      0
    624	 201368	      0
    625	 201009	      0
    626	 200308	      0
    627	 201681	      0
    628	 200321	      0
    629	 201003	      0
    630	 200787	      0
    631	 200853	      0
    632	 200881	      0
    633	 201065	      0
    634	 200665	      0
    635	 201702	      0
    636	 200754	      0
    637	 201087	      0
    638	 200542	      0
    639	 200382	      0
    640	 200327	      0
    641	 200157	      0
    642	 200428	      0
    643	 200793	      0
    644	 200354	      0
    645	 200555	      0
    646	 200525	      0
    647	 199815	      0
    648	 201451	      0
    649	 200596	      0
    650	 199816	      0
    651	 199883	      0
    652	 200795	      0
    653	 200699	      0
    654	 201208	      0
    655	 200514	      0
    656	 200236	      0
    657	 201162	      0
    658	 201007	      0
    659	 200883	      0
    660	 201170	      0
    661	 200828	      0
    662	 201904	      0
    663	 200774	      0
    664	 200542	      0
    665	 200581	      0
    666	 201583	      0
    667	 200745	      0
    668	 200613	      0
    669	 199570	      0
    670	 200943	      0
    671	 200822	      0
    672	 201368	      0
    673	 200887	      0
    674	 200436	      0
    675	 200336	      0
    676	 200301	      0
    677	 200868	      0
    678	 201556	      0
    679	 200894	      0
    680	 200432	      0
    681	 200711	      0
    682	 200733	      0
    683	 201348	      0
    684	 199798	      0
    685	 200493	      0
    686	 201421	      0
    687	 200607	      0
    688	 200695	      0
    689	 200575	      0
    690	 201332	      0
    691	 200215	      0
    692	 200494	      0
    693	 200965	      0
    694	 201201	      0
    695	 200535	      0
    696	 200570	      0
    697	 200591	      0
    698	 200543	      0
    699	 200913	      0
    700	 199778	      0
    701	 201338	      0
    702	 199238	      0
    703	 199182	      0
    704	 200083	      0
    705	 200471	      0
    706	 199538	      0
    707	 200374	      0
    708	 200377	      0
    709	 200193	      0
    710	 199853	      0
    711	 200766	      0
    712	 199758	      0
    713	 199967	      0
    714	 199516	      0
    715	 200508	      0
    716	 200959	      0
    717	 200713	      0
    718	 200395	      0
    719	 199539	      0
    720	 199580	      0
    721	 200558	      0
    722	 199551	      0
    723	 199122	      0
    724	 198874	      0
    725	 200142	      0
    726	 199115	      0
    727	 199262	      0
    728	 199519	      0
    729	 200137	      0
    730	 199178	      0
    731	 198773	      0
    732	 198915	      0
    733	 199131	      0
    734	 198148	      0
    735	 197377	      0
    736	 198511	      0
    737	 198627	      0
    738	 197106	      0
    739	 196793	      0
    740	 196854	      0
    741	 197008	      0
    742	 195631	      0
    743	 195969	      0
    744	 194988	      0
    745	 194847	      0
    746	 194093	      0
    747	 192694	      0
    748	 192197	      0
    749	 190198	      0
    750	 189731	      0
    751	 187060	      0
    752	 184244	      0
    753	 182101	      0
    754	 179515	      0
    755	 176191	      0
    756	 173033	      0
    757	 169315	      0
    758	 165697	      0
    759	 162333	      0
    760	 161049	      0
    761	 159261	      0
    762	 160455	      0
    763	 162358	      0
    764	 164913	      0
    765	 168593	      0
    766	 172475	      0
    767	 176728	      0
    768	 179688	      0
    769	 182415	      0
    770	 185617	      0
    771	 186843	      0
    772	 189596	      0
    773	 190481	      0
    774	 191655	      0
    775	 192584	      0
    776	 193789	      0
    777	 194714	      0
    778	 195155	      0
    779	 195116	      0
    780	 195332	      0
    781	 197751	      0
    782	 196887	      0
    783	 197557	      0
    784	 198184	      0
    785	 198423	      0
    786	 197512	      0
    787	 198586	      0
    788	 198103	      0
    789	 198019	      0
    790	 199040	      0
    791	 198287	      0
    792	 198959	      0
    793	 199111	      0
    794	 198866	      0
    795	 199535	      0
    796	 199353	      0
    797	 198389	      0
    798	 198983	      0
    799	 199515	      0
    800	 199212	      0
    801	 199678	      0
    802	 199217	      0
    803	 200422	      0
    804	 199898	      0
    805	 200610	      0
    806	 199970	      0
    807	 200053	      0
    808	 200712	      0
    809	 200399	      0
    810	 200336	      0
    811	 200133	      0
    812	 200207	      0
    813	 200625	      0
    814	 200987	      0
    815	 200070	      0
    816	 199907	      0
    817	 200400	      0
    818	 200161	      0
    819	 200034	      0
    820	 200764	      0
    821	 200849	      0
    822	 200570	      0
    823	 200346	      0
    824	 200468	      0
    825	 200577	      0
    826	 200592	      0
    827	 200405	      0
    828	 201186	      0
    829	 200531	      0
    830	 201290	      0
    831	 200336	      0
    832	 201146	      0
    833	 200027	      0
    834	 200307	      0
    835	 201470	      0
    836	 200025	      0
    837	 199898	      0
    838	 200943	      0
    839	 200852	      0
    840	 200086	      0
    841	 200693	      0
    842	 201181	      0
    843	 200769	      0
    844	 200153	      0
    845	 200986	      0
    846	 199841	      0
    847	 200247	      0
    848	 201348	      0
    849	 201175	      0
    850	 200712	      0
    851	 200426	      0
    852	 200581	      0
    853	 200911	      0
    854	 201254	      0
    855	 201110	      0
    856	 201168	      0
    857	 201113	      0
    858	 200283	      0
    859	 200714	      0
    860	 200634	      0
    861	 201365	      0
    862	 200911	      0
    863	 200844	      0
    864	 200642	      0
    865	 200748	      0
    866	 201380	      0
    867	 201288	      0
    868	 200384	      0
    869	 201073	      0
    870	 201327	      0
    871	 200566	      0
    872	 201025	      0
    873	 200322	      0
    874	 201318	      0
    875	 200416	      0
    876	 201352	      0
    877	 200741	      0
    878	 201292	      0
    879	 201333	      0
    880	 201005	      0
    881	 201544	      0
    882	 201326	      0
    883	 201049	      0
    884	 201075	      0
    885	 200778	      0
    886	 200879	      0
    887	 200392	      0
    888	 201157	      0
    889	 199975	      0
    890	 201742	      0
    891	 200309	      0
    892	 201148	      0
    893	 200955	      0
    894	 200600	      0
    895	 201241	      0
    896	 201382	      0
    897	 200957	      0
    898	 200830	      0
    899	 200951	      0
    900	 200948	      0
    901	 200601	      0
    902	 200764	      0
    903	 200725	      0
    904	 200639	      0
    905	 200783	      0
    906	 200468	      0
    907	 200131	      0
    908	 201322	      0
    909	 201034	      0
    910	 201156	      0
    911	 200739	      0
    912	 201060	      0
    913	 200752	      0
    914	 199994	      0
    915	 200675	      0
    916	 201843	      0
    917	 201030	      0
    918	 200611	      0
    919	 201087	      0
    920	 201612	      0
    921	 202172	      0
    922	 200986	      0
    923	 201405	      0
    924	 200933	      0
    925	 200923	      0
    926	 201175	      0
    927	 200614	      0
    928	 200463	      0
    929	 201222	      0
    930	 201137	      0
    931	 200867	      0
    932	 199907	      0
    933	 201727	      0
    934	 201176	      0
    935	 200959	      0
    936	 201346	      0
    937	 201325	      0
    938	 200615	      0
    939	 200792	      0
    940	 200353	      0
    941	 201036	      0
    942	 202188	      0
    943	 201066	      0
    944	 201525	      0
    945	 200682	      0
    946	 201585	      0
    947	 200868	      0
    948	 200795	      0
    949	 201376	      0
    950	 200365	      0
    951	 200326	      0
    952	 201326	      0
    953	 200841	      0
    954	 200384	      0
    955	 201107	      0
    956	 201405	      0
    957	 200617	      0
    958	 200968	      0
    959	 201649	      0
    960	 201567	      0
    961	 200234	      0
    962	 200838	      0
    963	 200910	      0
    964	 201692	      0
    965	 200632	      0
    966	 201462	      0
    967	 200432	      0
    968	 201546	      0
    969	 201148	      0
    970	 201842	      0
    971	 201125	      0
    972	 201152	      0
    973	 201505	      0
    974	 201145	      0
    975	 200400	      0
    976	 201218	      0
    977	 200580	      0
    978	 200497	      0
    979	 200694	      0
    980	 201121	      0
    981	 201188	      0
    982	 201020	      0
    983	 200712	      0
    984	 201123	      0
    985	 201925	      0
    986	 201186	      0
    987	 200642	      0
    988	 200442	      0
    989	 201403	      0
    990	 200526	      0
    991	 201607	      0
    992	 200434	      0
    993	 199949	      0
    994	 201109	      0
    995	 200659	      0
    996	 201780	      0
    997	 200982	      0
    998	 200698	      0
    999	 201336	      0
   1000	 200979	      0
   1001	 201294	      0
   1002	 200923	      0
   1003	 200764	      0
   1004	 201383	      0
   1005	 201461	      0
   1006	 201557	      0
   1007	 201395	      0
   1008	 201153	      0
   1009	 200414	      0
   1010	 200409	      0
   1011	 201197	      0
   1012	 200767	      0
   1013	 202379	      0
   1014	 201557	      0
   1015	 201524	      0
   1016	 200805	      0
   1017	 201162	      0
   1018	 201079	      0
   1019	 201587	      0
   1020	 201017	      0
   1021	 200622	      0
   1022	 201543	      0
   1023	 200818	      0
