Original file:
C:\Users\Kryolabor\Desktop\Melissa_Marc\rotes_salz.txt
Date / time: 30.11.2022, 13:46:27
Sample: rotes Blutlaugensalz
Comments: 10mV Antriebsspannung, rotes Blutlaugensalz
Channel #	Counts	Counts (folded)
      0	  18802	  37511
      1	  18602	  36954
      2	  18788	  37506
      3	  18526	  37155
      4	  18691	  36995
      5	  18542	  37276
      6	  18536	  37245
      7	  18543	  37366
      8	  18685	  37250
      9	  18343	  36878
     10	  18620	  37392
     11	  18662	  37139
     12	  18414	  37144
     13	  18424	  37092
     14	  18540	  37139
     15	  18709	  37232
     16	  18835	  37602
     17	  18666	  37443
     18	  18824	  37323
     19	  18438	  37100
     20	  18593	  37086
     21	  18644	  37112
     22	  18901	  37671
     23	  18825	  37344
     24	  18443	  37259
     25	  18706	  37474
     26	  18503	  37203
     27	  18638	  37202
     28	  18544	  37212
     29	  18800	  37588
     30	  18734	  37397
     31	  18458	  37254
     32	  18577	  37356
     33	  18698	  37203
     34	  18656	  37231
     35	  18574	  37128
     36	  18726	  37282
     37	  18549	  37252
     38	  18591	  37098
     39	  18535	  37059
     40	  18625	  37398
     41	  18755	  37406
     42	  18622	  37299
     43	  18772	  37418
     44	  18574	  37303
     45	  18658	  37280
     46	  18736	  37583
     47	  18321	  37209
     48	  18708	  37416
     49	  18715	  37351
     50	  18780	  37350
     51	  18680	  37566
     52	  18944	  37470
     53	  18438	  36997
     54	  18774	  37583
     55	  18543	  37135
     56	  18393	  37173
     57	  18562	  37312
     58	  18706	  37331
     59	  18858	  37445
     60	  18637	  37284
     61	  18669	  37474
     62	  18617	  37255
     63	  18628	  37271
     64	  18510	  36982
     65	  18619	  37348
     66	  18638	  37347
     67	  18431	  37092
     68	  18798	  37488
     69	  18780	  37357
     70	  18388	  37112
     71	  18505	  37399
     72	  18449	  36923
     73	  18507	  37197
     74	  18617	  37213
     75	  18547	  37260
     76	  18656	  37149
     77	  18586	  37203
     78	  18523	  37236
     79	  18595	  37272
     80	  18532	  37372
     81	  18814	  37328
     82	  18569	  36952
     83	  18818	  37479
     84	  18569	  37282
     85	  18858	  37500
     86	  18507	  37092
     87	  18393	  36949
     88	  18636	  37356
     89	  18498	  37194
     90	  18607	  37338
     91	  18550	  37037
     92	  18505	  37126
     93	  18506	  37116
     94	  18790	  37405
     95	  18507	  37189
     96	  18628	  37285
     97	  18738	  37359
     98	  18553	  37170
     99	  18411	  37112
    100	  18554	  37148
    101	  18662	  37254
    102	  18672	  37345
    103	  18821	  37530
    104	  18713	  37173
    105	  18620	  37188
    106	  18504	  37235
    107	  18349	  37225
    108	  18442	  36885
    109	  18787	  37774
    110	  18591	  37373
    111	  18423	  37084
    112	  18614	  37337
    113	  18514	  37279
    114	  18612	  37147
    115	  18754	  37426
    116	  18734	  37299
    117	  19047	  37563
    118	  18593	  37311
    119	  18784	  37468
    120	  18695	  37406
    121	  18889	  37427
    122	  19017	  37795
    123	  18618	  37376
    124	  18593	  37278
    125	  18677	  37277
    126	  18588	  37216
    127	  18700	  37299
    128	  18504	  36990
    129	  18849	  37420
    130	  18975	  37602
    131	  18377	  37133
    132	  18824	  37487
    133	  18471	  37097
    134	  18643	  37240
    135	  18515	  37057
    136	  18589	  37090
    137	  18603	  37204
    138	  18471	  37164
    139	  18818	  37487
    140	  18641	  37518
    141	  18652	  37355
    142	  18525	  37194
    143	  18508	  37201
    144	  18858	  37609
    145	  18724	  37155
    146	  18563	  37383
    147	  18558	  37393
    148	  18547	  37233
    149	  18591	  37338
    150	  18505	  37136
    151	  18573	  37156
    152	  18831	  37491
    153	  18502	  36967
    154	  18798	  37473
    155	  18572	  37174
    156	  18784	  37383
    157	  18412	  37134
    158	  18543	  37188
    159	  18557	  37152
    160	  18714	  37415
    161	  18547	  37069
    162	  18651	  37332
    163	  18747	  37328
    164	  18646	  37121
    165	  18706	  37308
    166	  18916	  37632
    167	  18429	  37166
    168	  18579	  37007
    169	  18575	  37060
    170	  18486	  37219
    171	  18620	  37224
    172	  18674	  37167
    173	  18629	  37180
    174	  18861	  37456
    175	  18667	  37469
    176	  18729	  37363
    177	  18697	  37342
    178	  18631	  37118
    179	  18457	  37173
    180	  18573	  37052
    181	  18612	  37319
    182	  18660	  37186
    183	  18548	  37159
    184	  18548	  37199
    185	  18403	  36944
    186	  18737	  37456
    187	  18434	  37022
    188	  18591	  37442
    189	  18660	  37217
    190	  18595	  37090
    191	  18805	  37324
    192	  18478	  36914
    193	  18491	  37068
    194	  18214	  36835
    195	  18573	  37202
    196	  18466	  37179
    197	  18230	  36834
    198	  18466	  36934
    199	  18786	  37316
    200	  18601	  36917
    201	  18624	  37223
    202	  18603	  37114
    203	  18705	  37542
    204	  18653	  37446
    205	  18651	  37412
    206	  18829	  37288
    207	  18509	  37353
    208	  18600	  37167
    209	  18301	  36853
    210	  18515	  37074
    211	  18393	  37017
    212	  18798	  37225
    213	  18639	  37100
    214	  18549	  37263
    215	  18516	  36922
    216	  18602	  36754
    217	  18265	  36589
    218	  18599	  36835
    219	  18416	  36884
    220	  18360	  36880
    221	  18540	  37192
    222	  18451	  37067
    223	  18359	  36947
    224	  18677	  37195
    225	  18256	  36883
    226	  18313	  36601
    227	  18457	  36992
    228	  18471	  36783
    229	  18240	  36863
    230	  18362	  36795
    231	  18441	  36736
    232	  18454	  37016
    233	  18317	  36550
    234	  18471	  36667
    235	  18114	  36155
    236	  18183	  36661
    237	  18235	  36378
    238	  18209	  36627
    239	  18305	  36535
    240	  18067	  36232
    241	  17981	  36253
    242	  18085	  36170
    243	  17929	  35811
    244	  18234	  35851
    245	  18158	  35969
    246	  18089	  36110
    247	  17938	  35633
    248	  17722	  35323
    249	  17733	  35308
    250	  17495	  35169
    251	  17552	  35084
    252	  17609	  34717
    253	  17459	  34656
    254	  17445	  34656
    255	  17069	  34284
    256	  17222	  34164
    257	  17066	  33968
    258	  17016	  33818
    259	  16899	  33496
    260	  16941	  33295
    261	  16422	  32923
    262	  16533	  32928
    263	  16652	  33126
    264	  16375	  32713
    265	  16364	  32462
    266	  16476	  32937
    267	  16539	  32882
    268	  16386	  32623
    269	  16143	  32929
    270	  16538	  33184
    271	  16342	  33072
    272	  16348	  32864
    273	  16531	  33224
    274	  16530	  33329
    275	  16572	  33340
    276	  16570	  33487
    277	  16840	  33921
    278	  16565	  33475
    279	  16891	  33792
    280	  16928	  33794
    281	  16781	  33590
    282	  16592	  33313
    283	  17115	  33882
    284	  16941	  33636
    285	  16746	  33486
    286	  16666	  32971
    287	  16731	  33508
    288	  16685	  33224
    289	  16507	  33016
    290	  16459	  32877
    291	  16427	  32880
    292	  16303	  32535
    293	  16464	  32960
    294	  16539	  32955
    295	  16650	  33015
    296	  16485	  33147
    297	  16272	  32931
    298	  16592	  33540
    299	  16600	  33441
    300	  16940	  34021
    301	  16948	  33846
    302	  17088	  34535
    303	  17192	  34468
    304	  17179	  34541
    305	  17102	  34642
    306	  17498	  35132
    307	  17556	  35393
    308	  17612	  35419
    309	  17721	  35377
    310	  17779	  35627
    311	  17830	  35721
    312	  17930	  35679
    313	  18020	  35855
    314	  18035	  35901
    315	  17904	  36087
    316	  18104	  36263
    317	  17996	  36269
    318	  17959	  36189
    319	  18148	  36298
    320	  18211	  36450
    321	  18256	  36506
    322	  18073	  36326
    323	  18277	  36394
    324	  17864	  36153
    325	  18251	  36579
    326	  18233	  36721
    327	  18308	  36809
    328	  18176	  36692
    329	  18194	  36773
    330	  18168	  36728
    331	  18691	  37041
    332	  18105	  36782
    333	  18473	  36744
    334	  18276	  36554
    335	  18495	  37030
    336	  18312	  36802
    337	  17983	  36692
    338	  18702	  37010
    339	  18217	  36802
    340	  18484	  36926
    341	  18603	  37171
    342	  18561	  37020
    343	  18305	  36909
    344	  18497	  37012
    345	  18538	  37092
    346	  18486	  36830
    347	  18546	  37011
    348	  18618	  37179
    349	  18660	  37259
    350	  18539	  36952
    351	  18582	  37030
    352	  18358	  36962
    353	  18433	  37106
    354	  18698	  37488
    355	  18902	  37488
    356	  18687	  37277
    357	  18655	  37246
    358	  18401	  37020
    359	  18633	  37004
    360	  18539	  36924
    361	  18770	  37251
    362	  18540	  36872
    363	  18550	  37200
    364	  18718	  37330
    365	  18392	  36824
    366	  18471	  36986
    367	  18544	  37066
    368	  18644	  37253
    369	  18642	  37170
    370	  18831	  37505
    371	  18436	  36966
    372	  18518	  37272
    373	  18462	  36866
    374	  18579	  37267
    375	  18580	  37199
    376	  18650	  37164
    377	  18353	  37311
    378	  18583	  37278
    379	  18471	  37172
    380	  18809	  37363
    381	  18501	  37103
    382	  18749	  37400
    383	  18844	  37573
    384	  18817	  37380
    385	  18458	  37139
    386	  18577	  37114
    387	  18709	  37487
    388	  18731	  37575
    389	  18659	  37331
    390	  18696	  37321
    391	  18806	  37336
    392	  18458	  37020
    393	  18682	  37421
    394	  18468	  37114
    395	  18486	  36940
    396	  18691	  37281
    397	  18836	  37623
    398	  18683	  37378
    399	  18452	  37177
    400	  18707	  37233
    401	  18587	  37224
    402	  18612	  37412
    403	  18378	  36861
    404	  18605	  37272
    405	  18566	  37279
    406	  18624	  37244
    407	  18545	  37136
    408	  18486	  37013
    409	  18612	  37070
    410	  18635	  37417
    411	  18286	  36874
    412	  18687	  37294
    413	  18576	  37156
    414	  18757	  37283
    415	  18266	  36627
    416	  18805	  37351
    417	  18743	  37148
    418	  18655	  37029
    419	  18655	  37509
    420	  18615	  37503
    421	  18612	  37272
    422	  18409	  37084
    423	  18440	  36968
    424	  18663	  37436
    425	  18563	  37293
    426	  18684	  37280
    427	  18437	  36876
    428	  18746	  37310
    429	  18766	  37274
    430	  18636	  37339
    431	  18342	  37043
    432	  18737	  37249
    433	  18815	  37323
    434	  18725	  37480
    435	  18718	  37351
    436	  18731	  37217
    437	  18509	  37104
    438	  18773	  37184
    439	  18683	  37139
    440	  18672	  37376
    441	  18356	  36962
    442	  18736	  37389
    443	  18542	  37065
    444	  18684	  37347
    445	  18632	  37222
    446	  18708	  37331
    447	  18562	  37163
    448	  18751	  37396
    449	  18680	  37457
    450	  18797	  37306
    451	  18870	  37719
    452	  18794	  37274
    453	  18695	  37524
    454	  18594	  37172
    455	  18666	  37429
    456	  18701	  37422
    457	  18319	  37126
    458	  18751	  37488
    459	  18630	  37160
    460	  18606	  37420
    461	  18577	  37604
    462	  18646	  37399
    463	  18866	  37429
    464	  18619	  37334
    465	  18468	  37431
    466	  18429	  36907
    467	  18605	  37258
    468	  18552	  37042
    469	  18646	  37280
    470	  18720	  37262
    471	  18536	  37285
    472	  18468	  37189
    473	  18512	  37143
    474	  18537	  37324
    475	  18456	  36996
    476	  18877	  37386
    477	  18569	  37192
    478	  18401	  37303
    479	  18762	  37341
    480	  18720	  37324
    481	  18572	  37259
    482	  18566	  37229
    483	  18450	  37188
    484	  18534	  36994
    485	  18772	  37636
    486	  18492	  37317
    487	  18367	  36988
    488	  18674	  37459
    489	  18524	  37200
    490	  18643	  37157
    491	  18674	  37258
    492	  18816	  37527
    493	  18677	  37267
    494	  18481	  37061
    495	  18627	  36994
    496	  18744	  37382
    497	  18600	  36959
    498	  18721	  37046
    499	  18638	  37265
    500	  18474	  37153
    501	  18640	  37414
    502	  18577	  37042
    503	  18901	  37364
    504	  18723	  37457
    505	  18729	  37273
    506	  18617	  37272
    507	  18641	  37486
    508	  18494	  37240
    509	  18909	  37334
    510	  18819	  37162
    511	  18701	  37226
    512	  18525	      0
    513	  18343	      0
    514	  18425	      0
    515	  18746	      0
    516	  18845	      0
    517	  18655	      0
    518	  18544	      0
    519	  18734	      0
    520	  18463	      0
    521	  18465	      0
    522	  18774	      0
    523	  18679	      0
    524	  18627	      0
    525	  18325	      0
    526	  18359	      0
    527	  18638	      0
    528	  18367	      0
    529	  18580	      0
    530	  18590	      0
    531	  18711	      0
    532	  18584	      0
    533	  18514	      0
    534	  18676	      0
    535	  18785	      0
    536	  18621	      0
    537	  18825	      0
    538	  18864	      0
    539	  18460	      0
    540	  18738	      0
    541	  18663	      0
    542	  18687	      0
    543	  18604	      0
    544	  18579	      0
    545	  18902	      0
    546	  18623	      0
    547	  18509	      0
    548	  18540	      0
    549	  18787	      0
    550	  18631	      0
    551	  18721	      0
    552	  18749	      0
    553	  18542	      0
    554	  18634	      0
    555	  18490	      0
    556	  18653	      0
    557	  18478	      0
    558	  18963	      0
    559	  18715	      0
    560	  18563	      0
    561	  18753	      0
    562	  19027	      0
    563	  18814	      0
    564	  18530	      0
    565	  18737	      0
    566	  18807	      0
    567	  18721	      0
    568	  18763	      0
    569	  18578	      0
    570	  18829	      0
    571	  18480	      0
    572	  18849	      0
    573	  18509	      0
    574	  18777	      0
    575	  18645	      0
    576	  18601	      0
    577	  18623	      0
    578	  18590	      0
    579	  18663	      0
    580	  18523	      0
    581	  18653	      0
    582	  18606	      0
    583	  18704	      0
    584	  18456	      0
    585	  18411	      0
    586	  18595	      0
    587	  18486	      0
    588	  18633	      0
    589	  18755	      0
    590	  18508	      0
    591	  18512	      0
    592	  18701	      0
    593	  18703	      0
    594	  18508	      0
    595	  18564	      0
    596	  18439	      0
    597	  18596	      0
    598	  18730	      0
    599	  18773	      0
    600	  18528	      0
    601	  18675	      0
    602	  18660	      0
    603	  18888	      0
    604	  18854	      0
    605	  18374	      0
    606	  18405	      0
    607	  18546	      0
    608	  18361	      0
    609	  18526	      0
    610	  18580	      0
    611	  18607	      0
    612	  18588	      0
    613	  18782	      0
    614	  18458	      0
    615	  18527	      0
    616	  18591	      0
    617	  18620	      0
    618	  18713	      0
    619	  18667	      0
    620	  18483	      0
    621	  18800	      0
    622	  18637	      0
    623	  18526	      0
    624	  18725	      0
    625	  18695	      0
    626	  18787	      0
    627	  18590	      0
    628	  18454	      0
    629	  18646	      0
    630	  18739	      0
    631	  18562	      0
    632	  18530	      0
    633	  18625	      0
    634	  18672	      0
    635	  18844	      0
    636	  18778	      0
    637	  18537	      0
    638	  18681	      0
    639	  18563	      0
    640	  18729	      0
    641	  18651	      0
    642	  18602	      0
    643	  18554	      0
    644	  18701	      0
    645	  18695	      0
    646	  18958	      0
    647	  18514	      0
    648	  18619	      0
    649	  18688	      0
    650	  18404	      0
    651	  18754	      0
    652	  18530	      0
    653	  18674	      0
    654	  18528	      0
    655	  18609	      0
    656	  18522	      0
    657	  18515	      0
    658	  18432	      0
    659	  18612	      0
    660	  18650	      0
    661	  18332	      0
    662	  18481	      0
    663	  18385	      0
    664	  18371	      0
    665	  18619	      0
    666	  18591	      0
    667	  18590	      0
    668	  18586	      0
    669	  18790	      0
    670	  18673	      0
    671	  18604	      0
    672	  18448	      0
    673	  18413	      0
    674	  18599	      0
    675	  18561	      0
    676	  18465	      0
    677	  18344	      0
    678	  18554	      0
    679	  18515	      0
    680	  18604	      0
    681	  18459	      0
    682	  18568	      0
    683	  18442	      0
    684	  18585	      0
    685	  18308	      0
    686	  18709	      0
    687	  18490	      0
    688	  18535	      0
    689	  18278	      0
    690	  18271	      0
    691	  18677	      0
    692	  18350	      0
    693	  18560	      0
    694	  18579	      0
    695	  18516	      0
    696	  18501	      0
    697	  18488	      0
    698	  18328	      0
    699	  18289	      0
    700	  18117	      0
    701	  18253	      0
    702	  18250	      0
    703	  18239	      0
    704	  18150	      0
    705	  18230	      0
    706	  18273	      0
    707	  18159	      0
    708	  18183	      0
    709	  17866	      0
    710	  17835	      0
    711	  17749	      0
    712	  17891	      0
    713	  17848	      0
    714	  17656	      0
    715	  17807	      0
    716	  17837	      0
    717	  17634	      0
    718	  17540	      0
    719	  17362	      0
    720	  17276	      0
    721	  17447	      0
    722	  16898	      0
    723	  17081	      0
    724	  16841	      0
    725	  16948	      0
    726	  16659	      0
    727	  16662	      0
    728	  16365	      0
    729	  16416	      0
    730	  16496	      0
    731	  16232	      0
    732	  16453	      0
    733	  16418	      0
    734	  16509	      0
    735	  16539	      0
    736	  16777	      0
    737	  16305	      0
    738	  16740	      0
    739	  16695	      0
    740	  16767	      0
    741	  16721	      0
    742	  16809	      0
    743	  16866	      0
    744	  16901	      0
    745	  16910	      0
    746	  17081	      0
    747	  16917	      0
    748	  16768	      0
    749	  16799	      0
    750	  16693	      0
    751	  16516	      0
    752	  16730	      0
    753	  16646	      0
    754	  16786	      0
    755	  16237	      0
    756	  16343	      0
    757	  16461	      0
    758	  16098	      0
    759	  16338	      0
    760	  16474	      0
    761	  16395	      0
    762	  16501	      0
    763	  16354	      0
    764	  16597	      0
    765	  16802	      0
    766	  16902	      0
    767	  16942	      0
    768	  17215	      0
    769	  17211	      0
    770	  17197	      0
    771	  17108	      0
    772	  17532	      0
    773	  17674	      0
    774	  17575	      0
    775	  17601	      0
    776	  17695	      0
    777	  18021	      0
    778	  17811	      0
    779	  17617	      0
    780	  17882	      0
    781	  18085	      0
    782	  18272	      0
    783	  18165	      0
    784	  18230	      0
    785	  18418	      0
    786	  18143	      0
    787	  18478	      0
    788	  18041	      0
    789	  18196	      0
    790	  18233	      0
    791	  18562	      0
    792	  18295	      0
    793	  18433	      0
    794	  18623	      0
    795	  18312	      0
    796	  18535	      0
    797	  18288	      0
    798	  18627	      0
    799	  18518	      0
    800	  18588	      0
    801	  18616	      0
    802	  18652	      0
    803	  18520	      0
    804	  18468	      0
    805	  18236	      0
    806	  18324	      0
    807	  18152	      0
    808	  18406	      0
    809	  18714	      0
    810	  18461	      0
    811	  18427	      0
    812	  18624	      0
    813	  18559	      0
    814	  18552	      0
    815	  18567	      0
    816	  18844	      0
    817	  18459	      0
    818	  18761	      0
    819	  18793	      0
    820	  18837	      0
    821	  18511	      0
    822	  18599	      0
    823	  18316	      0
    824	  18530	      0
    825	  18468	      0
    826	  18604	      0
    827	  18713	      0
    828	  18629	      0
    829	  18621	      0
    830	  18577	      0
    831	  18436	      0
    832	  18519	      0
    833	  18495	      0
    834	  18557	      0
    835	  18851	      0
    836	  18588	      0
    837	  18719	      0
    838	  18541	      0
    839	  18651	      0
    840	  18611	      0
    841	  18526	      0
    842	  18707	      0
    843	  18479	      0
    844	  18716	      0
    845	  18487	      0
    846	  18645	      0
    847	  18634	      0
    848	  18802	      0
    849	  18595	      0
    850	  18551	      0
    851	  18493	      0
    852	  18604	      0
    853	  18733	      0
    854	  18485	      0
    855	  18428	      0
    856	  18737	      0
    857	  18716	      0
    858	  18602	      0
    859	  18475	      0
    860	  18581	      0
    861	  18681	      0
    862	  18522	      0
    863	  18701	      0
    864	  18595	      0
    865	  18645	      0
    866	  18722	      0
    867	  18599	      0
    868	  18602	      0
    869	  18675	      0
    870	  18465	      0
    871	  18660	      0
    872	  18583	      0
    873	  18631	      0
    874	  18747	      0
    875	  18686	      0
    876	  18835	      0
    877	  18820	      0
    878	  18431	      0
    879	  18751	      0
    880	  18693	      0
    881	  18669	      0
    882	  18703	      0
    883	  18877	      0
    884	  18669	      0
    885	  18693	      0
    886	  18601	      0
    887	  18501	      0
    888	  18542	      0
    889	  18597	      0
    890	  18626	      0
    891	  18663	      0
    892	  18756	      0
    893	  18627	      0
    894	  18571	      0
    895	  18486	      0
    896	  18599	      0
    897	  18628	      0
    898	  18600	      0
    899	  18685	      0
    900	  18758	      0
    901	  18778	      0
    902	  18538	      0
    903	  18711	      0
    904	  18684	      0
    905	  18718	      0
    906	  18516	      0
    907	  18565	      0
    908	  18672	      0
    909	  18535	      0
    910	  18765	      0
    911	  18723	      0
    912	  18661	      0
    913	  18782	      0
    914	  18987	      0
    915	  18443	      0
    916	  18876	      0
    917	  18731	      0
    918	  18568	      0
    919	  18460	      0
    920	  18709	      0
    921	  18673	      0
    922	  18592	      0
    923	  18594	      0
    924	  18701	      0
    925	  18617	      0
    926	  18621	      0
    927	  18657	      0
    928	  18682	      0
    929	  18615	      0
    930	  18610	      0
    931	  18621	      0
    932	  18487	      0
    933	  18731	      0
    934	  18696	      0
    935	  18720	      0
    936	  18556	      0
    937	  18585	      0
    938	  18642	      0
    939	  18713	      0
    940	  18661	      0
    941	  18383	      0
    942	  18514	      0
    943	  18840	      0
    944	  18677	      0
    945	  18713	      0
    946	  18617	      0
    947	  18493	      0
    948	  18713	      0
    949	  18596	      0
    950	  18690	      0
    951	  18474	      0
    952	  18894	      0
    953	  18724	      0
    954	  18577	      0
    955	  18690	      0
    956	  18661	      0
    957	  18709	      0
    958	  18729	      0
    959	  18472	      0
    960	  18643	      0
    961	  18638	      0
    962	  18805	      0
    963	  18647	      0
    964	  18587	      0
    965	  18625	      0
    966	  18750	      0
    967	  18780	      0
    968	  18592	      0
    969	  18809	      0
    970	  18559	      0
    971	  18526	      0
    972	  18886	      0
    973	  18570	      0
    974	  18636	      0
    975	  18708	      0
    976	  18888	      0
    977	  18847	      0
    978	  18622	      0
    979	  18729	      0
    980	  18646	      0
    981	  18677	      0
    982	  18651	      0
    983	  18773	      0
    984	  18524	      0
    985	  18507	      0
    986	  18703	      0
    987	  18556	      0
    988	  18554	      0
    989	  18575	      0
    990	  18505	      0
    991	  18779	      0
    992	  18796	      0
    993	  18663	      0
    994	  18788	      0
    995	  18668	      0
    996	  18564	      0
    997	  18700	      0
    998	  18768	      0
    999	  18816	      0
   1000	  18519	      0
   1001	  18770	      0
   1002	  18468	      0
   1003	  18493	      0
   1004	  18662	      0
   1005	  18499	      0
   1006	  18777	      0
   1007	  18767	      0
   1008	  18523	      0
   1009	  18599	      0
   1010	  18668	      0
   1011	  18730	      0
   1012	  18477	      0
   1013	  18772	      0
   1014	  18535	      0
   1015	  18565	      0
   1016	  18823	      0
   1017	  18709	      0
   1018	  18734	      0
   1019	  18304	      0
   1020	  18629	      0
   1021	  18718	      0
   1022	  18352	      0
   1023	  18709	      0
