Original file:
C:\Users\Kryolabor\Desktop\Melissa_Marc\Stahl_folie.txt
Date / time: 23.11.2022, 15:36:22
Sample: Edelstahlfolie
Comments: 22mV Antriebsspannung, 25µm Edelstahlfolie
Channel #	Counts	Counts (folded)
      0	  20445	  40996
      1	  20277	  40961
      2	  20374	  40859
      3	  20457	  40853
      4	  20386	  41071
      5	  20560	  41116
      6	  20422	  40824
      7	  20108	  40517
      8	  20419	  40902
      9	  20226	  40681
     10	  20383	  40682
     11	  20332	  40826
     12	  20197	  40558
     13	  20316	  40913
     14	  20373	  40720
     15	  20528	  41128
     16	  20545	  40909
     17	  20160	  40729
     18	  20372	  40954
     19	  20596	  40851
     20	  20531	  41180
     21	  20446	  40923
     22	  20335	  40943
     23	  20220	  40732
     24	  20431	  40825
     25	  20479	  41288
     26	  20531	  41106
     27	  20216	  40738
     28	  20516	  41026
     29	  20366	  40887
     30	  20347	  40902
     31	  20605	  40996
     32	  20424	  40781
     33	  20444	  41008
     34	  20528	  41186
     35	  20558	  41073
     36	  20342	  40922
     37	  20593	  41146
     38	  20257	  40831
     39	  20381	  40895
     40	  20187	  40516
     41	  20149	  40751
     42	  20451	  40957
     43	  20470	  40958
     44	  20468	  40978
     45	  20568	  41085
     46	  20497	  40834
     47	  20347	  40687
     48	  20521	  40967
     49	  20432	  40680
     50	  20361	  40881
     51	  20442	  40975
     52	  20609	  41048
     53	  20439	  41124
     54	  20430	  40845
     55	  20499	  41021
     56	  20388	  40691
     57	  20647	  41221
     58	  20208	  40784
     59	  20314	  40608
     60	  20345	  40864
     61	  20462	  41111
     62	  20469	  41009
     63	  20461	  40729
     64	  20349	  40662
     65	  20307	  40653
     66	  20177	  40638
     67	  20475	  41255
     68	  20491	  41077
     69	  20450	  41123
     70	  20362	  40864
     71	  20339	  40782
     72	  20291	  41081
     73	  20592	  41136
     74	  20444	  40951
     75	  20541	  41006
     76	  20362	  40740
     77	  20510	  40762
     78	  20219	  40569
     79	  20603	  41447
     80	  20638	  41242
     81	  20212	  40851
     82	  20474	  40930
     83	  20525	  40699
     84	  20521	  40937
     85	  20486	  40750
     86	  20511	  41152
     87	  20425	  40959
     88	  20421	  41002
     89	  20510	  41160
     90	  20439	  40908
     91	  20378	  40783
     92	  20520	  40833
     93	  20406	  40986
     94	  20436	  41003
     95	  20665	  41298
     96	  20372	  41064
     97	  20480	  40933
     98	  20321	  40939
     99	  20256	  40791
    100	  20355	  40966
    101	  20606	  41392
    102	  20522	  40992
    103	  20432	  40793
    104	  20495	  40823
    105	  20247	  40692
    106	  20480	  40897
    107	  20406	  40665
    108	  20253	  40750
    109	  20246	  40968
    110	  20470	  40976
    111	  20418	  41074
    112	  20598	  41174
    113	  20606	  41202
    114	  20359	  40819
    115	  20290	  40799
    116	  20562	  40829
    117	  20602	  41090
    118	  20434	  40962
    119	  20564	  41165
    120	  20339	  40692
    121	  20447	  40725
    122	  20282	  40770
    123	  20386	  40933
    124	  20576	  40847
    125	  20525	  40770
    126	  20403	  40914
    127	  20545	  41178
    128	  20609	  41049
    129	  20440	  40740
    130	  20375	  40611
    131	  20226	  40543
    132	  20390	  40682
    133	  20361	  40774
    134	  20606	  41099
    135	  20411	  40726
    136	  20573	  41126
    137	  20231	  40535
    138	  20221	  40555
    139	  19977	  40415
    140	  20308	  40798
    141	  20310	  40814
    142	  20427	  40610
    143	  20239	  40672
    144	  20303	  40596
    145	  20283	  40797
    146	  20518	  41097
    147	  20302	  40494
    148	  20337	  40825
    149	  20203	  40547
    150	  20591	  40768
    151	  20237	  40604
    152	  20542	  40830
    153	  20527	  40901
    154	  20261	  40551
    155	  20327	  40757
    156	  20336	  40862
    157	  20536	  41118
    158	  20194	  40627
    159	  20344	  40774
    160	  20394	  40772
    161	  20482	  41209
    162	  20327	  40584
    163	  20399	  40952
    164	  20389	  40566
    165	  20463	  40927
    166	  20311	  40828
    167	  20267	  40981
    168	  20329	  40624
    169	  20535	  40990
    170	  20280	  40691
    171	  20405	  40732
    172	  20327	  40803
    173	  20728	  41329
    174	  20375	  41064
    175	  20241	  40748
    176	  20551	  40928
    177	  20511	  40656
    178	  20200	  40619
    179	  20357	  40687
    180	  20676	  41253
    181	  20396	  40862
    182	  20551	  40983
    183	  20431	  40736
    184	  20385	  40928
    185	  20455	  40989
    186	  20691	  41363
    187	  20443	  40626
    188	  20249	  40336
    189	  20555	  41104
    190	  20281	  40805
    191	  20242	  40563
    192	  20214	  40624
    193	  20444	  40747
    194	  20516	  40861
    195	  20234	  40566
    196	  20469	  40764
    197	  20131	  40718
    198	  20366	  40691
    199	  20498	  40771
    200	  20618	  41038
    201	  20512	  40987
    202	  20322	  40636
    203	  20129	  40376
    204	  20552	  40976
    205	  20504	  41050
    206	  20245	  40777
    207	  20455	  40798
    208	  20674	  41006
    209	  20311	  40735
    210	  20413	  40799
    211	  20225	  40519
    212	  20514	  40858
    213	  20494	  40853
    214	  20506	  40890
    215	  20469	  40654
    216	  20298	  40750
    217	  20574	  40784
    218	  20167	  40432
    219	  20227	  40583
    220	  20215	  40460
    221	  20482	  40802
    222	  20426	  40456
    223	  20169	  40125
    224	  20097	  40115
    225	  20176	  40399
    226	  19996	  40186
    227	  20139	  40137
    228	  20184	  40190
    229	  20244	  39979
    230	  20103	  39998
    231	  20089	  40147
    232	  20048	  39847
    233	  20130	  40004
    234	  20061	  39980
    235	  19819	  39602
    236	  20157	  39964
    237	  19879	  39269
    238	  19730	  39097
    239	  19802	  39282
    240	  19941	  39262
    241	  19743	  39147
    242	  19624	  38778
    243	  19755	  38919
    244	  19426	  38424
    245	  19527	  38115
    246	  19200	  37781
    247	  19101	  37549
    248	  19192	  37072
    249	  19179	  36756
    250	  18636	  35800
    251	  18664	  35455
    252	  18234	  34614
    253	  18170	  34123
    254	  17765	  33137
    255	  17490	  32195
    256	  16892	  31113
    257	  16564	  29903
    258	  15967	  29071
    259	  15268	  28032
    260	  14746	  27440
    261	  14264	  26803
    262	  13906	  26591
    263	  13426	  25939
    264	  12973	  25631
    265	  12740	  25429
    266	  12826	  25751
    267	  12390	  25632
    268	  12425	  26209
    269	  12621	  26890
    270	  12726	  27553
    271	  12730	  28408
    272	  13134	  29120
    273	  13643	  30407
    274	  14096	  31138
    275	  14893	  32369
    276	  15434	  33474
    277	  15946	  34030
    278	  16774	  35242
    279	  17221	  36097
    280	  17367	  36527
    281	  18026	  37051
    282	  18234	  37492
    283	  18451	  37899
    284	  18612	  37987
    285	  18737	  38140
    286	  19052	  38708
    287	  18963	  38567
    288	  19399	  39243
    289	  19317	  38993
    290	  19666	  39458
    291	  19647	  39737
    292	  19573	  39350
    293	  19800	  39969
    294	  19895	  39633
    295	  19884	  39770
    296	  19769	  39780
    297	  20002	  39858
    298	  19885	  40128
    299	  19955	  40313
    300	  19895	  39954
    301	  19954	  39948
    302	  20068	  40267
    303	  20154	  40635
    304	  19868	  40156
    305	  20036	  40543
    306	  20132	  40378
    307	  20131	  40348
    308	  20448	  40688
    309	  20424	  40829
    310	  20187	  40354
    311	  20097	  40648
    312	  20210	  40472
    313	  20154	  40749
    314	  20357	  40622
    315	  20035	  40195
    316	  20391	  40837
    317	  20616	  40936
    318	  20306	  40678
    319	  20367	  40340
    320	  20575	  41182
    321	  20432	  40706
    322	  20101	  40595
    323	  20380	  40873
    324	  20480	  40820
    325	  20411	  40716
    326	  20533	  40935
    327	  20282	  40678
    328	  20580	  41030
    329	  20261	  40899
    330	  20553	  41033
    331	  20527	  41056
    332	  20350	  40584
    333	  20590	  40907
    334	  20473	  41024
    335	  20292	  40541
    336	  20387	  40795
    337	  20671	  40938
    338	  20459	  40641
    339	  20259	  40759
    340	  20270	  40835
    341	  20615	  41223
    342	  20224	  40745
    343	  20394	  40871
    344	  20418	  40857
    345	  20445	  40685
    346	  20344	  40932
    347	  20465	  40995
    348	  20302	  40894
    349	  20386	  40799
    350	  20290	  40749
    351	  20278	  40604
    352	  20250	  40652
    353	  20662	  40881
    354	  20541	  41004
    355	  20357	  40791
    356	  20556	  40966
    357	  20382	  40498
    358	  20622	  40996
    359	  20335	  40562
    360	  20537	  40886
    361	  20374	  40616
    362	  20567	  41204
    363	  20482	  41011
    364	  20602	  41275
    365	  20092	  40256
    366	  20357	  40684
    367	  20660	  41153
    368	  20475	  40887
    369	  20337	  40834
    370	  20224	  40470
    371	  20419	  41030
    372	  20290	  40665
    373	  20295	  40515
    374	  20117	  40571
    375	  20475	  40972
    376	  20495	  40887
    377	  20422	  40739
    378	  20266	  40386
    379	  20464	  40625
    380	  20201	  40773
    381	  20337	  40781
    382	  20461	  40644
    383	  20418	  40911
    384	  20011	  40376
    385	  20246	  40832
    386	  20158	  40539
    387	  20458	  40836
    388	  20406	  40934
    389	  20368	  40725
    390	  20421	  40879
    391	  20396	  40807
    392	  20468	  40903
    393	  20332	  40619
    394	  20266	  40785
    395	  20420	  41036
    396	  20281	  40784
    397	  20344	  41025
    398	  20138	  40447
    399	  20282	  40918
    400	  20481	  40767
    401	  20220	  40479
    402	  20418	  40849
    403	  20391	  40925
    404	  20593	  41049
    405	  20334	  40830
    406	  20522	  40781
    407	  20593	  40986
    408	  20669	  41389
    409	  20548	  40957
    410	  20374	  40884
    411	  20349	  40764
    412	  20520	  40916
    413	  20610	  40939
    414	  20252	  40851
    415	  20472	  41107
    416	  20449	  40941
    417	  20283	  40797
    418	  20484	  41010
    419	  20499	  41087
    420	  20547	  40841
    421	  20457	  40867
    422	  20833	  41156
    423	  20415	  40805
    424	  20289	  40645
    425	  20649	  41104
    426	  20436	  40797
    427	  20536	  41040
    428	  20332	  40624
    429	  20405	  40847
    430	  20245	  40939
    431	  20559	  41013
    432	  20308	  40915
    433	  20441	  40940
    434	  20463	  40933
    435	  20245	  40757
    436	  20641	  41218
    437	  20768	  41361
    438	  20521	  40916
    439	  20500	  40899
    440	  20533	  40871
    441	  20544	  41268
    442	  20274	  40903
    443	  20297	  40637
    444	  20350	  41039
    445	  20562	  40870
    446	  20272	  40713
    447	  20561	  41061
    448	  20571	  40917
    449	  20575	  41098
    450	  20650	  41012
    451	  20492	  41350
    452	  20408	  40975
    453	  20354	  40904
    454	  20489	  41000
    455	  20391	  40908
    456	  20423	  40963
    457	  20444	  40730
    458	  20445	  40958
    459	  20372	  40632
    460	  20517	  40766
    461	  20379	  40743
    462	  20462	  40920
    463	  20482	  40795
    464	  20328	  40783
    465	  20564	  40940
    466	  20742	  41453
    467	  20617	  41208
    468	  20284	  40888
    469	  20400	  41237
    470	  20336	  41018
    471	  20176	  40552
    472	  20513	  40833
    473	  20734	  41298
    474	  20469	  41181
    475	  20486	  40937
    476	  20406	  40932
    477	  20484	  40767
    478	  20615	  41244
    479	  20672	  41159
    480	  20522	  41193
    481	  20314	  40757
    482	  20465	  40878
    483	  20629	  40985
    484	  20345	  40935
    485	  20360	  40713
    486	  20674	  41220
    487	  20705	  41326
    488	  20287	  40769
    489	  20387	  40721
    490	  20459	  41007
    491	  20599	  41158
    492	  20466	  41107
    493	  20284	  40958
    494	  20487	  41030
    495	  20504	  40949
    496	  20423	  41076
    497	  20400	  40847
    498	  20305	  40671
    499	  20431	  41230
    500	  20511	  41009
    501	  20485	  41048
    502	  20266	  40720
    503	  20454	  40927
    504	  20414	  40874
    505	  20461	  41243
    506	  20296	  40795
    507	  20590	  41139
    508	  20296	  40507
    509	  20389	  40701
    510	  20289	  40678
    511	  20407	  40824
    512	  20417	      0
    513	  20389	      0
    514	  20312	      0
    515	  20211	      0
    516	  20549	      0
    517	  20499	      0
    518	  20782	      0
    519	  20460	      0
    520	  20473	      0
    521	  20454	      0
    522	  20563	      0
    523	  20498	      0
    524	  20799	      0
    525	  20366	      0
    526	  20447	      0
    527	  20653	      0
    528	  20445	      0
    529	  20543	      0
    530	  20674	      0
    531	  20641	      0
    532	  20559	      0
    533	  20548	      0
    534	  20334	      0
    535	  20482	      0
    536	  20621	      0
    537	  20546	      0
    538	  20353	      0
    539	  20590	      0
    540	  20356	      0
    541	  20413	      0
    542	  20443	      0
    543	  20671	      0
    544	  20487	      0
    545	  20629	      0
    546	  20283	      0
    547	  20526	      0
    548	  20451	      0
    549	  20712	      0
    550	  20564	      0
    551	  20320	      0
    552	  20376	      0
    553	  20682	      0
    554	  20837	      0
    555	  20604	      0
    556	  20591	      0
    557	  20711	      0
    558	  20376	      0
    559	  20455	      0
    560	  20313	      0
    561	  20458	      0
    562	  20364	      0
    563	  20249	      0
    564	  20260	      0
    565	  20513	      0
    566	  20286	      0
    567	  20540	      0
    568	  20517	      0
    569	  20511	      0
    570	  20550	      0
    571	  20567	      0
    572	  20858	      0
    573	  20362	      0
    574	  20523	      0
    575	  20346	      0
    576	  20500	      0
    577	  20441	      0
    578	  20308	      0
    579	  20689	      0
    580	  20340	      0
    581	  20629	      0
    582	  20724	      0
    583	  20338	      0
    584	  20399	      0
    585	  20395	      0
    586	  20593	      0
    587	  20577	      0
    588	  20512	      0
    589	  20470	      0
    590	  20499	      0
    591	  20607	      0
    592	  20454	      0
    593	  20694	      0
    594	  20442	      0
    595	  20292	      0
    596	  20504	      0
    597	  20361	      0
    598	  20455	      0
    599	  20356	      0
    600	  20390	      0
    601	  20323	      0
    602	  20410	      0
    603	  20294	      0
    604	  20588	      0
    605	  20526	      0
    606	  20514	      0
    607	  20492	      0
    608	  20635	      0
    609	  20599	      0
    610	  20329	      0
    611	  20396	      0
    612	  20415	      0
    613	  20510	      0
    614	  20409	      0
    615	  20720	      0
    616	  20393	      0
    617	  20259	      0
    618	  20496	      0
    619	  20456	      0
    620	  20534	      0
    621	  20431	      0
    622	  20259	      0
    623	  20286	      0
    624	  20636	      0
    625	  20309	      0
    626	  20681	      0
    627	  20503	      0
    628	  20616	      0
    629	  20519	      0
    630	  20287	      0
    631	  20435	      0
    632	  20411	      0
    633	  20458	      0
    634	  20357	      0
    635	  20528	      0
    636	  20378	      0
    637	  20381	      0
    638	  20586	      0
    639	  20365	      0
    640	  20493	      0
    641	  20183	      0
    642	  20444	      0
    643	  20572	      0
    644	  20161	      0
    645	  20120	      0
    646	  20317	      0
    647	  20392	      0
    648	  20497	      0
    649	  20454	      0
    650	  20220	      0
    651	  20375	      0
    652	  20611	      0
    653	  20246	      0
    654	  20497	      0
    655	  20412	      0
    656	  20493	      0
    657	  20327	      0
    658	  20164	      0
    659	  20673	      0
    660	  20529	      0
    661	  20637	      0
    662	  20242	      0
    663	  20349	      0
    664	  20227	      0
    665	  20374	      0
    666	  20116	      0
    667	  20410	      0
    668	  20434	      0
    669	  20463	      0
    670	  20219	      0
    671	  20402	      0
    672	  20326	      0
    673	  20459	      0
    674	  20413	      0
    675	  20592	      0
    676	  20530	      0
    677	  20588	      0
    678	  20240	      0
    679	  20439	      0
    680	  20477	      0
    681	  20521	      0
    682	  20608	      0
    683	  20565	      0
    684	  20500	      0
    685	  20182	      0
    686	  20267	      0
    687	  20408	      0
    688	  20249	      0
    689	  20551	      0
    690	  20317	      0
    691	  20234	      0
    692	  20529	      0
    693	  20480	      0
    694	  20638	      0
    695	  20450	      0
    696	  20396	      0
    697	  20402	      0
    698	  20305	      0
    699	  20340	      0
    700	  20493	      0
    701	  20494	      0
    702	  20274	      0
    703	  20607	      0
    704	  19973	      0
    705	  20372	      0
    706	  20320	      0
    707	  20446	      0
    708	  20160	      0
    709	  20265	      0
    710	  20595	      0
    711	  20262	      0
    712	  20551	      0
    713	  20167	      0
    714	  20405	      0
    715	  20240	      0
    716	  20217	      0
    717	  20246	      0
    718	  20507	      0
    719	  20288	      0
    720	  20481	      0
    721	  20199	      0
    722	  19994	      0
    723	  20059	      0
    724	  20358	      0
    725	  20243	      0
    726	  19856	      0
    727	  20011	      0
    728	  19886	      0
    729	  19738	      0
    730	  20169	      0
    731	  19777	      0
    732	  20090	      0
    733	  19792	      0
    734	  19676	      0
    735	  19844	      0
    736	  19604	      0
    737	  19656	      0
    738	  19403	      0
    739	  19375	      0
    740	  19448	      0
    741	  19258	      0
    742	  19025	      0
    743	  19160	      0
    744	  18876	      0
    745	  18468	      0
    746	  18084	      0
    747	  18040	      0
    748	  17476	      0
    749	  17042	      0
    750	  16764	      0
    751	  15986	      0
    752	  15678	      0
    753	  14827	      0
    754	  14269	      0
    755	  13784	      0
    756	  13242	      0
    757	  12925	      0
    758	  12689	      0
    759	  12658	      0
    760	  12513	      0
    761	  12685	      0
    762	  12539	      0
    763	  12694	      0
    764	  12764	      0
    765	  13104	      0
    766	  13339	      0
    767	  14221	      0
    768	  14705	      0
    769	  15372	      0
    770	  15953	      0
    771	  16380	      0
    772	  16791	      0
    773	  17164	      0
    774	  17577	      0
    775	  17880	      0
    776	  18448	      0
    777	  18581	      0
    778	  18588	      0
    779	  18998	      0
    780	  19164	      0
    781	  19154	      0
    782	  19404	      0
    783	  19321	      0
    784	  19480	      0
    785	  19367	      0
    786	  19390	      0
    787	  19807	      0
    788	  19783	      0
    789	  19919	      0
    790	  19874	      0
    791	  19799	      0
    792	  20058	      0
    793	  19895	      0
    794	  19735	      0
    795	  20006	      0
    796	  19998	      0
    797	  20190	      0
    798	  20223	      0
    799	  20018	      0
    800	  19956	      0
    801	  20030	      0
    802	  20320	      0
    803	  20245	      0
    804	  20356	      0
    805	  20265	      0
    806	  20210	      0
    807	  20452	      0
    808	  20185	      0
    809	  20384	      0
    810	  20359	      0
    811	  20344	      0
    812	  20294	      0
    813	  20386	      0
    814	  20424	      0
    815	  20332	      0
    816	  20343	      0
    817	  20532	      0
    818	  20546	      0
    819	  20424	      0
    820	  20247	      0
    821	  20314	      0
    822	  20475	      0
    823	  20420	      0
    824	  20273	      0
    825	  20325	      0
    826	  20587	      0
    827	  20295	      0
    828	  20332	      0
    829	  20345	      0
    830	  20303	      0
    831	  20410	      0
    832	  20321	      0
    833	  20524	      0
    834	  20549	      0
    835	  20087	      0
    836	  20183	      0
    837	  20672	      0
    838	  20534	      0
    839	  20543	      0
    840	  20305	      0
    841	  20432	      0
    842	  20466	      0
    843	  20577	      0
    844	  20330	      0
    845	  20419	      0
    846	  20145	      0
    847	  20377	      0
    848	  20507	      0
    849	  20689	      0
    850	  20601	      0
    851	  20476	      0
    852	  20327	      0
    853	  20411	      0
    854	  20455	      0
    855	  20295	      0
    856	  20714	      0
    857	  20517	      0
    858	  20464	      0
    859	  20177	      0
    860	  20553	      0
    861	  20257	      0
    862	  20727	      0
    863	  20378	      0
    864	  20430	      0
    865	  20433	      0
    866	  20582	      0
    867	  20526	      0
    868	  20430	      0
    869	  20290	      0
    870	  20374	      0
    871	  20288	      0
    872	  20367	      0
    873	  20177	      0
    874	  20344	      0
    875	  20488	      0
    876	  20192	      0
    877	  20579	      0
    878	  20514	      0
    879	  20293	      0
    880	  20433	      0
    881	  20183	      0
    882	  20504	      0
    883	  20490	      0
    884	  20438	      0
    885	  20334	      0
    886	  20304	      0
    887	  20553	      0
    888	  20315	      0
    889	  20493	      0
    890	  20413	      0
    891	  20292	      0
    892	  20317	      0
    893	  20236	      0
    894	  20300	      0
    895	  20440	      0
    896	  20633	      0
    897	  20511	      0
    898	  20245	      0
    899	  20271	      0
    900	  20547	      0
    901	  20488	      0
    902	  20278	      0
    903	  20353	      0
    904	  20601	      0
    905	  20528	      0
    906	  20488	      0
    907	  20267	      0
    908	  20509	      0
    909	  20460	      0
    910	  20596	      0
    911	  20576	      0
    912	  20656	      0
    913	  20506	      0
    914	  20722	      0
    915	  20497	      0
    916	  20259	      0
    917	  20417	      0
    918	  20445	      0
    919	  20328	      0
    920	  20361	      0
    921	  20470	      0
    922	  20786	      0
    923	  20611	      0
    924	  20535	      0
    925	  20618	      0
    926	  20453	      0
    927	  20692	      0
    928	  20633	      0
    929	  20567	      0
    930	  20580	      0
    931	  20313	      0
    932	  20405	      0
    933	  20469	      0
    934	  20650	      0
    935	  20581	      0
    936	  20534	      0
    937	  20641	      0
    938	  20264	      0
    939	  20416	      0
    940	  20174	      0
    941	  20456	      0
    942	  20639	      0
    943	  20604	      0
    944	  20844	      0
    945	  20350	      0
    946	  20252	      0
    947	  20378	      0
    948	  20465	      0
    949	  20507	      0
    950	  20544	      0
    951	  20790	      0
    952	  20443	      0
    953	  20502	      0
    954	  20673	      0
    955	  20586	      0
    956	  20780	      0
    957	  20461	      0
    958	  20346	      0
    959	  20313	      0
    960	  20268	      0
    961	  20540	      0
    962	  20649	      0
    963	  20519	      0
    964	  20294	      0
    965	  20576	      0
    966	  20574	      0
    967	  20303	      0
    968	  20522	      0
    969	  20415	      0
    970	  20685	      0
    971	  20439	      0
    972	  20533	      0
    973	  20520	      0
    974	  20248	      0
    975	  20446	      0
    976	  20340	      0
    977	  20337	      0
    978	  20517	      0
    979	  20510	      0
    980	  20488	      0
    981	  20506	      0
    982	  20602	      0
    983	  20329	      0
    984	  20514	      0
    985	  20574	      0
    986	  20553	      0
    987	  20580	      0
    988	  20515	      0
    989	  20658	      0
    990	  20564	      0
    991	  20357	      0
    992	  20391	      0
    993	  20555	      0
    994	  20521	      0
    995	  20510	      0
    996	  20522	      0
    997	  20575	      0
    998	  20809	      0
    999	  20394	      0
   1000	  20512	      0
   1001	  20608	      0
   1002	  20477	      0
   1003	  20649	      0
   1004	  20255	      0
   1005	  20582	      0
   1006	  20569	      0
   1007	  20364	      0
   1008	  20600	      0
   1009	  20347	      0
   1010	  20597	      0
   1011	  20361	      0
   1012	  20494	      0
   1013	  20299	      0
   1014	  20455	      0
   1015	  20483	      0
   1016	  20409	      0
   1017	  20402	      0
   1018	  20556	      0
   1019	  20685	      0
   1020	  20396	      0
   1021	  20485	      0
   1022	  20684	      0
   1023	  20551	      0
