12.210
12.340
13.625
14.925
16.755
19.485
31.000
67.785
121.895
152.380
157.950
145.910
135.220
130.650
128.220
126.815
125.905
126.530
125.170
123.680
121.140
121.370
121.515
121.200
119.965
117.645
116.185
114.385
117.550
119.935
116.645
102.450
66.145
33.355
23.195
21.900
21.000
21.240
21.550
21.550
22.000
21.615
21.440
22.000
22.575
23.345
24.815
25.835
26.305
27.000
27.935
29.295
30.045
31.000
31.145
31.715
31.935
32.000
32.145
32.440
32.835
32.700
33.750
34.490
35.095
36.080
36.065
35.455
35.000
34.345
34.130
33.440
33.210
32.095
31.590
31.750
31.835
32.000
32.000
32.605
32.550
33.195
33.590
34.310
34.635
34.750
34.080
33.240
33.815
33.835
34.200
34.605
34.835
34.815
35.000
35.375
36.670
37.260
38.000
39.835
41.835
43.200
44.795
45.550
45.700
45.690
46.650
47.095
47.750
48.865
50.000
50.405
50.815
51.000
51.400
51.335
52.500
52.670
53.750
53.325
53.505
52.880
52.500
53.095
53.835
53.835
54.445
54.535
54.550
54.145
54.000
54.405
54.835
54.240
54.690
55.585
55.160
54.945
56.185
55.735
55.845
56.240
56.030
55.835
55.900
56.045
56.290
56.735
57.010
57.225
58.075
58.835
60.020
61.290
62.290
62.835
63.475
63.525
63.995
64.550
64.835
64.145
64.245
64.550
64.000
64.835
64.240
64.405
64.195
63.835
62.175
61.045
59.405
58.245
57.600
56.585
55.585
54.405
53.835
53.835
53.435
52.870
53.165
52.480
51.810
52.270
51.480
51.480
52.500
52.670
52.800
53.040
53.895
53.835
53.900
54.585
55.195
56.355
56.750
56.930
58.305
61.095
66.450
70.765
73.835
74.425
74.595
74.240
75.585
76.385
76.770
77.180
78.210
79.010
79.735
79.880
81.275
81.635
81.585
79.835
75.895
70.225
69.550
69.405
69.350
69.895
69.030
68.670
68.270
67.715
68.405
67.785
67.565
68.050
68.100
68.810
67.810
67.385
67.190
67.285
67.520
67.090
66.900
67.190
67.860
67.190
67.380
67.620
67.480
67.095
67.810
66.835
67.520
67.290
67.225
66.750
66.750
66.450
66.140
66.245
66.375
65.735
65.485
64.145
63.835
63.650
62.895
60.620
59.800
58.945
58.305
57.935
57.835
57.750
57.450
56.835
56.980
56.015
55.725
55.635
55.230
55.055
54.990
54.535
54.390
54.450
54.390
54.240
54.550
56.175
59.780
65.960
74.750
79.340
81.160
81.585
79.585
80.145
80.550
81.835
84.500
85.800
88.815
90.365
90.440
86.585
78.815
66.935
55.745
53.295
53.145
53.230
53.635
53.900
53.900
54.945
55.440
57.980
60.325
63.980
81.770
119.665
145.825
160.790
162.420
157.285
160.365
165.900
173.905
181.150
192.670
204.840
210.020
197.205
173.840
139.545
86.685
62.160
59.720
58.830
58.605
58.750
58.355
58.440
58.425
58.750
58.835
58.635
58.450
57.835
58.685
58.685
58.455
58.385
58.145
58.835
63.750
66.450
68.670
69.220
68.670
68.670
69.835
70.915
72.425
74.075
74.930
75.145
73.565
67.190
60.220
55.015
53.900
53.835
53.835
53.750
53.635
52.945
52.575
52.480
51.190
51.190
50.900
50.835
50.295
50.455
49.995
49.835
49.195
48.750
48.895
48.800
48.405
47.635
47.850
47.245
46.995
46.915
46.690
45.995
45.525
45.750
45.550
45.485
45.340
44.885
44.525
44.175
44.145
43.980
43.750
43.295
43.490
43.550
42.900
42.980
42.910
43.145
42.835
42.635
42.525
42.550
42.550
42.455
42.750
42.395
42.140
42.000
42.125
42.140
42.140
42.000
41.835
42.140
41.700
42.145
42.280
42.490
42.305
42.240
42.240
42.605
42.655
42.350
42.615
42.550
42.750
42.750
42.835
42.995
43.245
42.950
43.295
43.750
43.730
43.835
43.985
43.835
44.455
45.445
45.025
46.090
47.510
51.300
57.835
62.835
67.025
69.910
74.320
80.340
85.550
85.835
82.900
74.735
58.935
49.765
48.335
48.140
48.095
48.440
48.550
48.835
48.835
49.055
49.140
49.420
49.675
49.385
49.225
48.655
48.980
49.130
50.145
53.340
54.525
55.835
59.145
63.385
66.735
68.630
67.480
66.175
60.700
52.275
52.670
52.670
52.880
54.325
56.385
58.145
60.410
62.750
64.225
65.385
65.260
63.130
57.675
52.755
52.450
52.765
52.270
52.900
52.800
52.880
53.080
53.330
53.045
53.435
53.325
53.590
53.675
53.935
53.980
53.900
53.635
52.945
51.860
52.350
51.860
52.700
52.670
53.125
54.470
55.900
56.800
57.225
57.835
58.260
58.620
59.020
59.385
59.680
60.485
60.655
61.260
61.720
62.965
64.125
65.910
66.570
68.635
70.230
74.160
79.290
84.850
91.620
97.320
100.140
100.380
97.880
92.060
90.915
94.000
98.240
102.195
107.715
111.540
114.060
116.205
117.050
123.630
135.220
149.625
166.240
184.035
203.695
232.035
255.000
255.000
255.000
255.000
255.000
255.000
255.000
255.000
255.000
255.000
255.000
255.000
255.000
255.000
255.000
255.000
255.000
255.000
255.000
255.000
255.000
255.000
255.000
255.000
255.000
255.000
255.000
255.000
255.000
255.000
255.000
255.000
255.000
255.000
255.000
255.000
255.000
255.000
255.000
255.000
255.000
247.935
111.020
82.635
80.665
79.110
77.670
76.620
75.785
76.325
82.325
90.735
96.325
97.160
96.040
89.155
78.065
69.720
67.290
66.835
66.940
66.700
66.835
66.425
66.325
66.225
66.130
66.010
65.570
65.490
65.635
65.880
66.310
66.325
66.260
66.470
66.675
66.635
66.635
66.770
66.900
67.000
67.970
68.140
68.670
69.420
69.570
70.130
70.775
71.245
71.945
72.880
73.980
74.770
75.470
77.205
78.505
79.680
81.705
82.980
85.635
87.900
90.065
91.735
93.160
94.670
96.275
97.680
99.380
103.455
106.270
110.325
114.000
119.080
123.860
128.585
134.830
143.290
154.800
172.345
193.645
217.610
246.470
255.000
255.000
255.000
255.000
255.000
255.000
255.000
255.000
255.000
255.000
255.000
255.000
255.000
255.000
255.000
255.000
255.000
255.000
255.000
255.000
255.000
255.000
255.000
255.000
255.000
255.000
255.000
255.000
255.000
255.000
255.000
255.000
255.000
255.000
255.000
255.000
255.000
255.000
255.000
255.000
252.420
130.585
91.340
88.040
85.370
81.735
78.440
75.350
73.440
71.425
69.995
69.085
66.835
65.535
63.930
63.225
63.835
65.315
67.950
72.245
76.160
78.765
78.470
76.470
73.800
69.900
65.735
61.635
58.000
54.050
50.230
48.000
46.570
44.945
44.240
42.900
42.230
41.900
41.230
40.570
40.085
39.930
39.780
39.965
40.770
40.570
39.980
39.215
38.000
36.900
35.095
34.570
33.835
33.050
32.390
32.230
32.000
32.000
32.000
31.800
31.835
31.450
30.700
30.670
30.230
30.060
29.995
29.570
29.325
29.530
29.195
28.985
28.930
28.570
28.425
28.475
28.095
28.135
27.700
27.835
27.395
27.210
27.485
27.330
26.935
26.835
26.935
26.675
26.880
26.240
26.180
26.145
25.935
26.145
25.730
25.585
25.295
25.000
24.880
24.935
24.985
24.985
24.995
24.835
24.570
24.815
24.230
24.475
24.390
24.140
23.935
24.000
24.080
23.900
23.755
24.225
23.930
24.045
23.770
23.190
23.655
23.345
23.240
23.085
22.670
22.700
22.560
22.570
22.275
22.305
22.095
22.200
22.590
22.065
22.430
22.305
22.330
22.635
22.655
23.080
23.345
23.050
23.750
23.605
23.525
24.570
24.735
24.905
25.390
25.570
25.720
26.095
26.145
25.390
25.240
24.900
24.260
23.865
23.275
22.390
22.000
21.900
21.935
21.915
21.310
21.230
20.980
20.525
19.960
19.795
19.100
19.000
19.000
18.740
18.690
18.655
18.200
18.185
18.000
18.000
18.000
18.000
17.240
17.685
17.150
17.085
17.045
16.750
16.495
16.770
16.750
16.690
16.740
16.935
17.000
17.835
18.085
18.150
18.835
19.000
19.000
19.515
20.110
19.995
18.900
18.540
17.855
16.590
16.145
16.000
16.085
16.000
16.340
16.230
16.240
16.935
16.495
16.285
16.000
15.900
15.430
14.180
14.145
14.200
14.095
14.200
14.015
13.930
13.490
13.820
14.000
14.000
14.000
13.900
13.805
13.900
13.900
13.915
14.145
14.200
14.000
14.330
14.200
14.200
14.505
14.180
14.675
14.805
14.720
14.770
14.900
15.085
15.900
16.495
18.740
20.605
24.325
27.570
30.540
32.765
34.900
35.835
36.895
36.160
33.635
30.045
25.690
21.015
17.325
15.855
13.935
13.685
12.800
12.000