12.965
13.605
15.840
20.620
22.670
22.115
89.940
192.095
190.925
169.455
155.660
151.040
150.400
151.870
150.870
128.390
54.705
17.755
14.930
14.060
13.390
13.340
13.020
13.070
13.255
12.535
12.010
11.985
11.730
11.800
11.910
11.675
11.205
11.265
11.110
10.700
11.155
11.070
11.490
11.875
12.580
13.400
13.780
15.480
16.205
17.055
18.695
19.205
20.325
22.205
22.620
22.965
22.915
22.205
21.600
20.170
19.430
19.205
17.975
17.095
16.855
16.585
18.630
19.205
19.430
19.205
19.205
19.205
19.240
18.680
16.205
15.545
15.435
15.975
16.205
16.315
17.335
18.205
19.205
19.205
19.915
21.340
21.730
21.700
21.870
21.665
20.835
20.955
19.955
19.925
19.295
19.205
19.205
19.205
19.590
20.740
21.590
23.360
26.715
29.400
32.070
33.795
35.105
35.205
34.610
32.490
30.205
29.500
29.675
30.290
30.585
30.335
30.750
30.300
29.265
28.205
27.400
27.580
27.875
27.770
28.535
29.400
29.785
30.205
31.025
31.010
30.970
30.205
30.205
30.205
30.295
31.435
31.485
31.400
31.395
31.195
30.940
30.595
30.800
31.015
31.500
31.735
31.630
31.720
32.205
32.410
33.160
34.105
35.110
35.205
38.070
40.595
43.010
44.940
44.870
43.685
41.850
39.120
37.640
35.205
34.400
33.400
33.395
32.510
32.205
32.205
32.205
31.875
31.105
30.930
30.510
30.300
30.630
30.435
30.645
31.640
31.070
29.620
29.400
29.740
29.335
29.295
29.205
29.435
30.205
30.390
30.595
30.430
31.575
32.205
33.025
34.170
34.205
34.205
34.445
34.300
34.535
34.315
34.205
34.435
38.880
53.390
66.305
75.845
74.665
55.060
38.205
38.205
39.535
40.390
41.310
40.305
40.170
39.400
39.130
38.500
38.295
38.205
38.300
38.525
38.240
38.545
38.835
39.400
39.820
39.580
39.205
38.300
38.595
39.975
40.105
39.970
39.540
39.105
39.435
40.400
39.920
39.315
39.550
39.040
39.295
39.535
40.095
40.205
39.965
40.300
41.065
41.350
41.070
40.580
40.175
39.465
38.340
38.395
37.995
37.205
37.340
37.740
37.295
36.865
37.170
37.115
35.205
34.465
33.865
33.645
33.445
33.295
32.920
32.375
32.590
32.305
32.640
32.205
32.295
32.295
32.205
32.595
32.445
32.205
32.205
32.070
31.930
31.600
32.095
32.205
32.205
32.315
36.445
52.835
84.275
117.845
114.335
80.205
34.305
32.005
31.160
31.410
31.880
31.445
31.490
31.705
31.585
31.630
31.865
32.070
32.300
32.205
32.730
33.400
33.480
34.205
34.540
35.105
35.295
37.765
40.945
48.470
75.095
211.835
255.000
255.000
242.495
65.215
42.510
38.510
35.690
35.110
35.115
34.970
34.545
34.300
34.300
34.205
34.205
34.435
34.205
34.205
34.205
34.205
34.480
35.105
34.630
35.205
35.205
35.400
35.205
35.105
34.785
34.400
34.240
34.865
35.375
39.725
49.860
73.270
73.500
54.625
34.075
32.340
32.205
32.205
32.075
31.945
31.640
31.495
31.190
31.110
30.975
30.970
30.875
30.435
30.205
30.265
29.700
29.535
29.295
29.490
29.115
28.875
28.840
28.540
28.295
28.070
27.785
27.970
27.530
27.300
27.105
26.780
26.980
27.205
26.765
26.640
26.640
26.115
26.205
26.070
25.875
25.980
25.715
25.205
25.580
25.295
25.205
24.765
25.115
24.500
24.865
24.600
24.340
24.495
24.450
24.205
24.240
24.555
24.205
24.205
24.110
24.205
24.015
23.985
24.095
24.055
24.110
24.180
23.945
24.080
23.920
24.160
24.205
24.305
24.205
24.225
24.300
24.375
24.490
24.405
24.820
24.795
24.730
25.095
25.170
25.205
25.165
25.240
25.440
25.430
25.535
26.095
25.935
25.965
26.300
26.495
27.020
28.010
30.105
33.635
36.450
39.065
43.435
57.130
68.495
65.775
43.205
31.060
29.010
28.340
28.300
28.105
28.195
28.315
28.315
28.535
28.530
28.830
28.795
28.695
28.735
29.095
29.205
29.095
29.315
29.430
30.205
31.240
32.205
33.415
34.300
34.730
38.115
45.490
44.635
38.115
30.315
29.730
30.205
30.890
31.435
32.205
32.850
33.945
34.445
34.945
36.220
42.405
42.205
38.035
32.205
31.480
31.535
31.595
30.720
30.955
31.110
31.230
31.170
31.485
31.470
31.760
31.525
31.510
31.385
31.880
32.205
32.170
32.105
32.205
32.205
32.305
32.295
32.550
32.790
32.920
32.625
32.205
32.055
32.205
32.205
32.465
32.735
33.960
34.540
35.205
35.295
35.805
36.700
37.430
37.865
37.920
38.740
39.540
41.195
42.615
44.095
46.095
48.115
49.590
52.295
57.050
61.210
61.855
60.135
55.820
56.630
59.540
63.335
66.880
70.615
76.395
80.675
83.295
87.755
96.205
106.105
115.800
125.230
136.670
151.855
172.355
205.610
255.000
255.000
255.000
255.000
255.000
255.000
255.000
255.000
255.000
255.000
255.000
255.000
255.000
255.000
255.000
255.000
255.000
255.000
255.000
255.000
255.000
255.000
255.000
255.000
255.000
255.000
255.000
255.000
255.000
255.000
255.000
255.000
255.000
255.000
255.000
255.000
255.000
252.710
79.605
54.435
53.005
51.205
50.525
49.875
50.010
49.810
49.375
48.745
48.945
48.400
48.960
49.635
50.300
52.900
53.960
51.480
45.975
42.230
41.205
40.390
39.750
39.180
39.410
39.190
39.105
39.305
39.590
39.525
39.450
39.510
38.840
39.240
39.410
39.390
39.400
39.710
40.265
39.915
40.010
40.295
40.205
40.725
41.090
41.660
41.465
42.285
42.205
42.780
43.200
43.510
44.205
45.055
45.440
46.660
46.955
48.205
48.650
49.680
50.590
51.205
53.025
54.205
55.410
57.450
59.165
61.115
62.440
64.205
66.205
68.805
72.835
78.055
85.205
93.800
101.835
108.205
115.205
126.990
139.850
153.770
165.525
179.090
195.730
218.305
255.000
255.000
255.000
255.000
255.000
255.000
255.000
255.000
255.000
255.000
255.000
255.000
255.000
255.000
255.000
255.000
255.000
255.000
255.000
255.000
255.000
255.000
255.000
255.000
255.000
255.000
255.000
255.000
255.000
255.000
255.000
255.000
255.000
255.000
255.000
255.000
255.000
255.000
203.470
58.600
54.300
53.135
51.205
49.960
48.480
47.005
45.070
43.920
42.920
42.490
42.490
42.095
41.820
41.465
41.015
40.775
40.540
40.640
39.970
40.240
40.390
40.755
40.965
40.440
39.010
36.300
34.660
33.725
32.205
30.865
29.400
27.580
27.095
26.745
26.055
25.525
25.580
25.055
24.375
24.015
23.875
23.205
23.115
23.055
22.445
22.400
22.295
22.205
21.575
21.305
20.485
19.330
19.205
19.205
19.205
19.205
18.620
18.580
18.495
18.205
18.100
18.205
18.300
18.090
17.490
18.055
17.235
17.105
17.420
17.385
17.010
16.490
16.480
16.535
16.795
16.625
16.295
16.205
16.205
16.300
16.205
16.205
16.205
16.205
16.205
16.070
16.205
16.205
15.705
15.540
15.390
15.645
15.835
15.540
15.390
15.660
15.265
15.305
15.530
14.860
15.305
15.305
14.905
14.425
14.820
15.010
14.940
14.845
14.670
14.760
14.735
14.745
14.830
14.425
14.145
14.355
14.470
14.205
14.265
14.600
14.145
14.400
14.205
13.800
14.170
13.810
13.820
13.420
13.775
13.630
13.935
13.860
13.975
13.835
14.035
13.875
14.205
14.055
14.205
14.255
14.525
14.680
15.250
14.850
14.785
14.810
14.890
14.780
14.965
14.960
14.875
14.910
14.770
14.625
14.465
14.340
14.305
14.205
13.875
13.295
13.205
13.055
12.970
13.105
12.395
12.305
12.295
12.075
12.205
12.055
11.955
11.405
11.340
11.205
11.205
11.240
11.010
11.115
11.205
10.640
10.645
10.450
10.425
10.205
10.400
10.450
10.305
10.315
10.635
10.735
10.825
11.095
11.205
11.170
11.205
11.055
10.790
11.205
11.205
11.095
11.095
11.315
11.205
11.205
11.205
11.435
11.205
11.225
10.205
10.055
10.005
9.850
9.925
9.555
9.530
9.660
9.535
9.645
9.750
9.205
9.005
9.010
8.635
8.405
8.360
8.285
8.190
8.165
8.500
8.315
8.205
8.550
8.525
8.350
8.770
8.540
8.365
8.475
8.660
8.915
8.655
8.640
8.785
8.850
9.095
9.005
9.200
9.530
10.295
11.070
12.290
13.205
14.205
14.945
15.500
15.770
16.205
16.205
16.205
16.205
16.340
16.850
18.005
18.010
17.910
17.485
16.205
14.310
12.535
10.975
9.650
9.105
8.495
7.980
7.415
7.715
7.605
7.300
7.205
29.545
22.885
19.195
18.235
17.425
16.090
16.190
16.090
16.090
16.090
15.940
15.735
16.090
16.090
15.990
16.290
16.190
16.090
16.440
16.645
16.685
16.445
16.500
16.990
17.335
17.685
17.540
17.805
18.090
18.395
18.540
18.800
18.995
19.090
19.090
19.090
19.090
19.090
19.090
19.240
19.180
19.660
19.340
19.470
19.790
19.240
19.940
20.355
20.705
20.780
21.090
21.200
21.535
21.530
21.995
22.090
22.230
22.100
22.340
22.675
22.850
22.995
23.835
23.855
24.300
24.885
25.000
25.090
25.440
25.905
25.995
26.230
26.490
26.550
26.655
27.130
26.990
27.540
27.740
27.985
28.090
28.795
29.030
29.135
29.400
29.940
30.130
30.495
30.850
30.390
30.895
30.775
30.850
30.795
31.030
30.655
30.905
30.385
30.635
30.780
30.880
30.790
30.800
30.550
30.705
30.900
30.685
31.130
31.300
30.990
31.120
31.245
30.705
30.605
30.200
30.820
30.100
29.950
30.440
29.890
30.230
30.440
30.215
30.505
30.855
30.895
31.125
30.680
30.605
30.795
31.135
31.640
31.895
31.750
32.090
31.995
32.090
32.090
32.090
32.090
32.230
32.000
32.145
32.205
32.090
31.895
32.090
31.760
31.655
32.035
31.990
31.885
31.900
31.995
32.125
31.995
32.190
32.090
32.785
32.830
32.300
32.935
33.145
33.330
33.535
33.655
33.900
34.230
33.995
34.440
34.550
34.790
34.745
35.090
35.090
35.090
35.090
35.500
35.300
35.550
36.285
36.700
36.895
37.130
37.230
37.560
37.500
37.525
37.640
37.895
37.805
37.555
37.390
37.095
36.900
35.875
35.630
35.195
35.090
34.995
34.985
34.805
34.995
34.990
34.895
34.440
34.335
34.405
34.490
34.125
34.340
34.240
33.745
33.885
33.625
33.740
33.895
33.805
33.995
34.230
34.340
34.785
34.995
34.895
34.795
34.790
34.995
34.795
34.685
34.895
34.790
34.885
34.895
34.545
34.590
34.665
34.845
34.885
34.985
34.745
34.795
35.090
35.090
35.090
36.280
37.590
44.905
54.205
62.050
65.895
66.995
66.310
63.550
58.035
55.105
53.885
52.360
51.290
51.000
50.745
50.540
50.100
49.580
49.145
49.240
49.510
49.315
49.095
48.895
49.645
49.645
49.240
49.305
50.100
50.550
51.090
50.995
50.895
50.780
50.705
50.745
50.890
50.545
50.205
49.690
49.795
49.895
49.995
50.000
49.890
50.090
49.645
49.205
49.895
49.995
50.735
50.995
51.090
51.510
51.510
51.680
52.440
53.040
53.280
52.700
52.400
53.090
53.740
53.905
53.385
50.995
49.785
47.800
45.100
42.110
38.705
36.700
34.995
34.195
33.895
33.645
32.895
32.790
32.895
32.850
32.550
32.495
31.990
32.300
32.440
32.090
31.950
32.090
32.090
31.835
31.995
31.995
31.980
31.630
31.400
31.680
31.055
31.345
30.965
30.350
30.445
30.190
29.655
29.295
28.805
28.330
28.090
28.090
28.995
31.655
33.200
35.090
35.780
35.090
37.750
39.695
39.080
38.230
38.200
38.300
37.805
38.940
38.090
35.090
32.090
31.450
30.190
29.655
29.300
29.105
28.385
27.940
27.505
27.390
27.180
27.230
26.750
26.330
26.310
26.240
26.090
25.750
25.855
25.550
25.645
25.990
26.230
26.205
26.535
26.450
26.090
26.090
26.240
26.735
26.745
26.090
26.090
26.320
26.400
26.530
26.735
26.665
26.645
26.550
26.950
26.790
26.905
27.230
27.170
26.980
27.180
27.390
27.805
27.895
27.895
28.080
28.630
28.740
28.905
28.805
29.205
29.040
29.340
29.820
30.000
30.100
29.890
30.695
30.545
30.985
31.195
31.455
31.340
31.650
32.090
32.090
31.990
32.090
31.985
32.300
32.195
32.690
32.190
32.330
32.965
33.240
32.755
32.640
32.645
32.440
32.230
32.180
31.845
31.550
31.335
31.690
31.585
31.705
31.585
31.705
31.750
31.995
31.985
31.940
32.090
32.090
32.090
32.090
32.540
32.645
32.780
33.025
32.945
33.385
33.510
33.645
33.665
33.985
33.785
33.690
33.895
33.845
33.995
34.300
33.795
33.995
34.240
34.085
34.885
35.090
35.330
35.550
37.800
37.995
38.135
38.645
39.130
40.000
41.240
42.800
44.065
45.420
47.290
48.630
50.730
53.640
57.140
59.760
63.510
67.415
72.025
79.445
91.385
111.570
145.440
201.965
255.000
255.000
255.000
255.000
255.000
255.000
255.000
255.000
255.000
255.000
255.000
255.000
255.000
255.000
255.000
255.000
255.000
255.000
255.000
255.000
255.000
255.000
255.000
255.000
255.000
255.000
255.000
255.000
255.000
255.000
255.000
255.000
255.000
255.000
255.000
255.000
255.000
255.000
255.000
255.000
255.000
255.000
255.000
255.000
255.000
255.000
255.000
255.000
255.000
255.000
255.000
255.000
255.000
255.000
255.000
255.000
255.000
255.000
255.000
255.000
255.000
255.000
255.000
255.000
255.000
255.000
255.000
255.000
255.000
255.000
255.000
255.000
255.000
255.000
255.000
255.000
255.000
255.000
255.000
255.000
255.000
255.000
255.000
255.000
255.000
255.000
255.000
255.000
255.000
255.000
255.000
255.000
255.000
255.000
255.000
255.000
255.000
255.000
255.000
255.000
255.000
255.000
255.000
235.660
66.005
49.570
49.850
50.205
50.745
51.015
51.090
53.540
55.510
58.450
60.800
64.090
66.755
69.460
72.205
79.440
85.100
90.695
97.760
107.990
120.085
142.030
182.380
255.000
255.000
255.000
255.000
255.000
255.000
255.000
255.000
255.000
255.000
255.000
255.000
255.000
255.000
255.000
255.000
255.000
255.000
255.000
255.000
255.000
255.000
255.000
255.000
255.000
255.000
255.000
255.000
255.000
255.000
255.000
255.000
255.000
255.000
255.000
255.000
255.000
255.000
255.000
255.000
255.000
255.000
255.000
255.000
255.000
255.000
255.000
255.000
255.000
255.000
255.000
255.000
255.000
255.000
255.000
255.000
255.000
255.000
255.000
255.000
255.000
255.000
255.000
255.000
255.000
255.000
255.000
255.000
255.000
255.000
255.000
255.000
255.000
255.000
255.000
255.000
255.000
255.000
255.000
255.000
255.000
255.000
255.000
255.000
255.000
255.000
255.000
255.000
255.000
255.000
255.000
255.000
255.000
255.000
255.000
255.000
255.000
255.000
255.000
255.000
255.000
255.000
146.345
29.545
28.860
28.840
28.290
27.390
26.705
26.615
26.195
25.900
25.605
24.700
24.200
23.490
23.205
22.090
22.090
22.090
21.510
20.605
20.385
19.185
19.090
19.090
19.195
19.090
19.090
18.740
18.605
18.500
18.335
18.090
18.090
17.790
17.615
17.550
17.445
17.210
16.855
16.340
16.430
16.400
16.310
16.180
16.090
16.090
16.090
16.090
15.995
16.090
16.090
15.855
15.710
15.535
15.690
15.190
15.405
15.195
15.505
15.400
15.090
15.180
15.135
15.180
14.975
14.890
14.700
14.845
14.805
14.735
14.745
14.195
14.200
14.805
14.555
14.230
14.700
14.195
14.200
14.295
14.450
14.300
14.385
14.300
14.280
14.405
14.335
14.305
13.985
14.090
13.895
14.160
14.090
14.090
13.800
13.485
13.495
13.590
13.645
13.950
13.600
13.745
13.795
13.690
13.185
13.600
13.410
13.435
13.325
13.300
13.195
13.190
13.090
13.210
13.190
13.230
13.090
13.080
13.090
12.895
13.060
12.730
12.750
12.850
12.600
12.845
12.435
12.630
12.585
12.390
12.430
12.615
12.340
12.430
12.595
12.185
12.300
12.085
12.090
12.085
11.785
11.985
11.715
11.645
11.230
11.090
11.345
11.190
11.310
11.090
10.980
11.330
10.690
10.850
11.090
11.090
10.755
10.700
10.490
10.400
10.555
10.310
10.195
10.090
10.090
10.195
10.310
10.090
9.880
10.190
9.995
9.740
10.300
9.990
9.990
9.290
9.780
9.500
10.090
9.990
9.795
9.430
9.855
9.665
9.540
9.845
9.595
9.410
9.640
9.700
9.755
9.505
9.455
9.190
9.285
9.400
9.390
9.645
9.885
9.835
9.695
10.090
10.130
10.300
10.550
10.300
10.385
10.385
10.190
10.995
10.990
10.450
10.375
10.665
10.640
10.730
10.445
10.740
10.940
10.845
10.985
10.995
10.700
10.995
10.950
10.950
10.860
11.090
11.090
11.090
11.800
12.090
12.950
14.300
15.090
15.460
16.090
16.510
17.260
17.760
18.195
18.450
18.990
18.550
18.990
19.090
19.090
18.950
19.090
19.090
19.090
19.090
19.090
19.090
19.090
19.090
18.660
18.590
18.090
17.840
18.405
17.785
17.060
16.980
16.825
17.140
17.445
17.155
17.245
17.490
17.995
18.090
18.555
18.745