1.875
1.525
1.665
1.795
2.750
2.515
3.360
4.705
14.675
26.340
20.610
19.055
16.875
16.780
16.475
15.875
15.845
16.170
15.475
15.140
14.750
14.505
15.085
14.445
14.140
13.960
13.415
12.930
13.360
15.960
16.655
8.600
3.655
2.750
3.045
2.900
2.455
2.600
2.750
2.750
2.750
2.455
2.750
3.045
3.045
3.140
2.930
3.210
3.750
3.415
3.655
3.750
3.750
3.750
3.750
3.750
3.750
3.750
4.045
3.750
3.750
3.750
3.750
3.750
4.045
3.750
3.780
3.750
3.750
3.750
3.750
3.750
3.750
3.750
3.750
3.750
3.570
3.750
3.750
3.750
3.750
3.750
3.750
3.750
4.055
3.750
3.750
3.750
3.750
3.750
3.750
3.845
3.780
3.750
3.780
3.875
3.750
3.750
3.905
5.410
5.600
5.390
5.750
5.750
5.900
5.845
5.570
6.045
5.750
6.475
6.750
6.750
6.420
6.750
6.320
6.360
6.750
6.750
6.750
6.750
6.570
6.405
6.750
6.750
6.570
6.595
6.750
6.750
6.655
6.750
6.750
6.750
6.750
6.780
6.750
7.195
6.750
6.750
6.750
6.750
7.045
6.900
6.750
6.750
6.750
6.780
6.750
6.750
6.900
6.900
6.780
7.350
7.195
7.500
7.750
8.225
7.820
8.015
7.990
7.750
7.775
8.530
8.045
7.635
7.600
7.570
7.995
7.900
7.655
7.410
7.170
6.780
7.090
7.045
7.045
6.750
6.750
6.750
6.750
6.750
6.655
6.750
6.750
6.595
6.750
6.750
6.655
6.420
6.570
6.570
6.750
6.750
6.475
6.275
7.045
6.750
7.045
7.200
6.905
6.930
7.140
7.180
7.780
9.570
10.075
9.810
9.845
9.745
9.750
9.655
9.570
10.055
10.195
10.195
10.290
10.350
10.030
10.475
11.195
9.565
8.905
8.295
8.360
8.780
9.195
8.895
8.935
8.325
8.320
8.505
8.835
8.500
8.445
8.295
8.325
8.425
8.870
8.475
8.210
8.295
8.655
8.565
8.625
8.350
8.455
8.750
8.030
8.415
8.595
8.500
8.655
8.750
8.455
8.655
8.570
8.320
7.995
8.475
8.265
8.410
8.625
7.940
8.030
8.020
7.750
8.285
7.895
7.150
7.065
7.075
7.205
7.225
7.290
7.025
6.780
7.045
6.935
6.905
6.750
6.750
7.025
6.750
6.750
6.750
6.750
6.750
7.045
6.750
6.900
6.900
7.025
7.750
9.045
12.225
11.475
10.320
10.570
10.475
10.665
10.750
10.930
11.405
11.225
11.475
11.655
11.045
7.595
6.570
6.595
6.750
6.750
6.750
6.750
6.750
6.750
6.750
6.905
7.195
6.875
7.970
8.265
11.325
25.285
27.625
20.690
19.875
21.050
22.140
22.200
23.085
23.905
25.600
27.600
27.390
19.905
8.720
7.750
7.595
7.055
7.295
7.075
7.475
7.120
7.300
6.935
7.225
6.995
7.030
7.530
7.375
7.350
7.385
6.900
6.845
7.210
7.325
7.385
8.570
9.665
8.845
9.255
9.200
9.015
8.995
9.275
9.595
10.255
10.350
8.875
7.045
6.720
7.045
6.750
6.750
6.720
6.570
6.570
6.750
6.750
6.900
6.570
6.600
6.750
6.600
6.655
6.475
6.570
6.125
6.655
6.030
6.140
6.500
6.385
6.000
5.845
6.325
5.750
5.780
6.470
6.265
6.140
6.320
5.750
5.665
5.750
5.835
5.750
5.485
5.510
5.485
5.750
5.370
5.750
5.095
5.390
5.940
5.930
5.370
5.295
5.750
5.695
5.655
5.625
5.225
5.750
5.750
5.750
5.260
5.505
5.655
4.785
5.750
5.505
5.190
5.450
5.665
5.180
5.485
5.600
5.165
5.110
5.750
5.655
5.090
5.560
5.390
5.415
5.440
5.455
5.420
5.750
5.655
5.750
5.750
5.750
5.655
5.190
5.570
5.845
5.920
5.840
6.030
6.255
6.445
6.455
9.625
8.995
9.325
10.105
11.045
12.470
13.475
10.970
6.570
6.505
6.380
6.180
6.475
6.180
6.475
6.380
6.180
6.390
6.475
6.435
6.380
6.265
6.595
6.420
6.385
6.540
6.000
6.090
6.570
7.170
7.570
7.320
7.905
8.475
9.995
9.875
6.750
6.750
6.750
6.570
6.475
6.360
6.750
6.655
7.750
7.380
7.330
8.290
9.655
9.065
6.570
6.570
6.595
6.750
6.570
6.570
6.565
6.595
6.600
6.905
6.475
6.500
6.750
6.655
6.750
6.750
6.415
6.570
6.750
6.655
6.750
6.655
6.415
5.970
6.360
6.750
6.275
6.750
6.750
6.750
6.570
6.750
6.750
6.750
6.750
6.905
6.845
6.750
6.900
6.750
7.045
7.025
7.535
7.560
7.540
8.230
8.195
8.120
9.625
10.900
11.385
12.995
13.570
12.295
10.750
10.390
10.570
11.380
11.845
11.995
12.570
14.350
14.570
13.025
13.750
14.455
16.415
18.295
19.750
21.380
23.025
26.180
31.390
38.115
44.295
50.205
58.125
78.325
88.140
121.780
115.425
224.040
255.000
255.000
255.000
255.000
255.000
255.000
255.000
255.000
255.000
255.000
255.000
255.000
255.000
255.000
100.425
35.870
29.900
25.320
21.485
19.475
17.665
16.750
16.570
15.320
14.435
13.845
13.095
12.750
12.195
11.665
11.170
10.600
10.750
10.415
9.600
9.750
9.750
9.750
9.475
9.195
9.415
10.990
13.780
15.200
13.445
9.700
8.595
8.025
8.350
7.905
7.905
8.030
8.350
7.870
8.025
8.050
7.600
7.750
7.710
7.655
7.750
8.350
7.930
7.750
7.510
7.655
8.140
7.745
7.600
7.910
8.085
7.905
7.845
8.045
8.445
8.030
8.330
8.475
8.090
8.745
8.475
8.750
8.455
8.780
8.750
9.530
9.320
9.445
9.570
9.780
10.475
10.570
10.720
10.750
10.780
10.780
11.415
11.570
11.475
12.045
12.025
12.845
13.625
13.865
14.320
14.695
15.655
16.750
17.085
19.225
22.750
26.600
28.615
29.295
32.390
38.390
45.015
50.960
53.960
60.170
65.615
75.235
84.680
103.780
143.315
234.650
255.000
255.000
255.000
255.000
255.000
255.000
255.000
255.000
255.000
255.000
196.280
48.295
37.635
31.140
26.995
23.995
20.970
19.325
18.055
17.195
16.025
15.000
14.475
13.570
12.570
12.195
12.195
11.665
11.500
11.750
11.570
11.000
10.445
9.570
9.110
8.750
9.225
8.750
8.330
8.565
7.930
7.570
7.655
7.845
7.970
8.540
8.655
9.900
10.665
11.045
10.085
8.930
8.570
8.330
8.195
6.780
6.570
6.195
6.140
6.055
5.890
5.750
5.480
5.085
5.000
5.235
4.710
4.385
4.235
5.040
4.595
4.460
4.740
4.980
4.790
4.030
3.750
3.750
3.750
3.750
3.750
3.750
3.750
3.750
3.750
3.750
3.750
3.750
3.750
3.750
3.750
3.750
3.750
3.750
3.750
3.570
3.570
3.750
3.750
3.750
3.750
3.275
3.455
3.750
3.750
3.750
3.505
3.095
3.600
3.540
3.475
3.300
3.600
3.750
3.655
3.125
3.470
3.655
3.405
3.390
3.255
3.140
2.845
3.085
3.360
3.750
3.075
3.540
3.415
3.075
3.410
3.330
3.140
3.150
2.900
2.845
3.230
3.085
3.320
3.475
3.320
3.170
3.150
3.445
3.170
2.780
3.170
3.085
3.055
2.995
2.780
3.025
2.780
3.055
3.085
2.750
2.750
3.025
2.995
2.750
3.075
2.905
3.080
2.995
2.845
3.045
2.875
3.025
2.780
2.995
3.025
2.905
3.140
3.180
3.655
3.750
3.320
3.360
3.595
3.245
3.475
3.455
3.180
3.445
2.995
2.750
2.750
2.940
2.900
2.875
2.875
2.780
2.930
2.750
2.780
2.750
2.750
2.600
2.905
2.900
2.500
2.570
2.570
2.325
2.625
2.540
2.600
2.420
2.455
2.750
2.475
2.475
2.505
2.805
2.605
2.425
2.540
2.505
2.505
2.455
2.275
2.750
2.475
2.750
2.600
2.750
2.750
2.750
2.870
2.600
2.780
2.930
2.720
2.140
2.295
1.875
2.360
2.570
2.570
2.570
2.420
2.505
2.650
2.750
2.600
2.130
1.635
2.290
2.470
1.485
2.045
2.350
2.195
2.375
2.470
1.750
1.780
2.475
2.290
2.500
2.380
1.995
2.055
2.020
2.405
1.960
2.225
1.900
1.930
2.170
2.045
1.935
2.200
2.385
1.930
2.110
1.845
2.045
1.940
2.320
2.570
2.750
2.750
3.750
3.750
3.900
3.780
4.180
4.650
5.295
5.655
5.560
3.750
3.270
2.750
2.360
2.560
2.475
1.960
1.750
2.015