I [a.u.]
0.875
0.795
0.790
0.790
0.665
0.665
0.665
0.915
0.795
1.170
1.000
0.665
0.935
0.880
0.665
0.820
0.745
0.750
0.790
0.745
0.790
0.665
0.790
0.775
0.910
0.665
1.060
0.920
0.875
0.825
0.915
0.695
0.665
0.665
0.665
0.940
0.745
0.665
0.795
0.665
0.785
0.810
0.745
0.665
0.665
0.935
0.665
0.520
0.665
0.890
0.810
0.810
0.665
0.665
0.695
0.810
0.665
0.665
0.665
0.795
0.665
0.745
0.665
0.665
0.665
0.665
0.665
0.665
0.665
0.665
0.795
0.665
0.875
0.785
0.665
0.665
0.790
0.750
0.665
0.915
0.665
0.875
0.795
0.795
0.665
0.790
0.750
0.665
0.665
0.790
0.665
0.695
0.695
0.665
0.665
0.665
0.665
0.745
0.780
0.750
0.745
0.665
0.665
0.790
0.970
0.785
0.665
0.745
0.795
0.695
0.810
0.665
0.665
0.665
0.665
0.790
0.745
0.820
0.790
0.665
0.745
0.665
0.665
0.745
0.750
0.750
0.880
0.795
0.665
0.745
0.830
0.785
0.745
0.790
0.695
0.870
0.745
0.665
0.665
0.665
0.665
0.745
0.665
0.665
0.745
0.665
0.665
0.665
0.785
0.665
0.665
0.870
0.940
0.790
0.930
0.975
0.665
0.790
0.665
0.665
0.750
0.865
0.750
0.865
0.665
0.795
0.665
0.875
0.745
0.930
0.745
0.745
0.665
0.665
0.825
0.665
0.665
0.790
0.935
0.665
0.865
0.665
0.665
0.745
0.870
0.750
0.775
0.745
0.890
0.750
0.665
0.665
0.795
0.665
0.745
0.665
0.665
0.795
0.790
0.910
0.665
0.665
0.790
0.745
0.750
0.745
0.695
0.665
0.745
0.785
0.790
0.750
0.665
0.945
0.795
0.665
0.665
0.780
0.875
0.785
0.920
0.795
0.665
0.665
0.750
0.895
0.915
1.120
0.920
0.665
0.820
0.830
0.665
0.745
0.830
0.840
0.695
0.665
0.870
0.925
0.750
0.810
1.015
0.855
0.790
0.750
0.665
0.830
0.830
0.665
1.000
0.745
0.665
0.825
0.695
0.790
0.815
0.745
0.790
0.665
0.745
0.870
0.750
0.790
0.920
0.695
0.870
0.665
0.990
0.665
0.665
0.665
0.955
0.750
0.910
0.665
0.830
0.750
0.750
0.665
0.825
0.875
0.665
0.745
0.810
0.665
0.750
0.870
0.890
0.810
0.750
0.750
0.750
0.865
0.810
0.890
0.750
0.880
0.830
0.865
0.910
0.965
0.880
0.950
0.975
0.915
0.745
0.695
0.780
0.745
0.695
0.860
0.875
0.790
0.820
0.750
0.995
0.790
0.875
0.745
0.665
0.665
0.870
0.855
0.815
0.900
0.910
1.135
0.980
1.205
0.855
1.150
1.170
1.425
0.900
1.035
0.665
0.785
0.930
0.695
0.745
0.820
0.665
0.750
0.930
0.825
0.825
0.900
0.795
1.060
0.995
0.900
0.665
1.045
0.875
0.750
0.825
0.905
0.925
0.745
0.795
0.695
0.900
0.745
0.975
0.950
1.030
0.790
0.795
1.105
0.970
0.695
0.665
0.945
0.665
0.665
0.960
0.855
0.745
0.665
0.665
0.665
0.665
0.665
0.790
0.745
0.665
0.775
1.120
0.665
0.825
1.050
0.745
0.910
0.745
0.875
0.665
0.665
0.665
0.665
0.795
0.775
0.665
0.795
0.940
0.665
0.665
0.785
0.875
0.665
0.880
0.665
0.795
0.865
1.040
0.790
0.785
0.875
0.960
0.795
1.140
0.745
0.985
0.940
0.665
0.950
0.820
0.920
0.745
0.810
1.105
0.745
0.665
1.030
0.870
0.810
0.950
0.875
0.745
0.820
0.825
0.795
0.875
0.790
0.810
0.955
0.855
0.665
0.745
0.795
0.745
0.825
0.890
0.870
0.985
0.745
0.785
0.940
0.665
0.745
0.790
0.665
0.875
0.665
1.215
0.875
0.875
0.870
0.865
0.790
1.020
0.875
0.935
0.665
0.665
0.785
0.855
0.855
0.870
0.665
0.810
0.665
0.745
0.975
0.745
0.795
0.915
0.665
0.775
0.795
1.045
0.870
0.830
0.870
0.915
0.665
0.665
0.870
0.745
1.000
0.955
0.665
0.795
0.870
0.825
0.965
0.775
0.890
0.995
0.915
0.975
0.795
0.675
0.755
0.820
0.790
1.010
0.920
0.755
0.705
0.665
0.665
0.665
0.665
0.675
0.675
0.745
0.665
0.790
0.665
0.745
0.880
0.835
0.795
0.665
0.665
0.795
0.675
0.695
0.665
0.675
0.800
0.755
0.665
0.665
0.790
0.675
0.790
0.840
0.750
0.665
0.880
0.755
0.950
0.665
0.665
0.800
0.665
0.665
0.695
0.665
0.665
0.785
0.785
0.880
0.820
0.790
0.825
0.800
0.665
0.665
0.745
0.790
0.665
0.745
0.745
0.875
0.885
0.795
0.870
0.920
0.805
0.955
1.025
0.885
0.870
0.970
1.100
1.290
1.915
1.720
1.830
2.460
2.665
3.665
3.370
5.225
27.620
34.880
70.730
84.115
8.955
3.665
3.415
17.495
37.880
63.930
86.055
14.200
2.990
2.170
1.575
1.375
1.380
1.155
0.945
0.935
0.795
0.870
0.810
0.745
0.665
0.790
0.925
0.750
0.755
0.775
0.825
1.010
0.825
0.665
0.745
0.785
0.665
0.665
0.750
0.745
0.675
0.785
0.865
1.035
0.795
0.745
0.665
0.745
0.785
0.800
0.745
0.665
0.870
0.785
0.785
0.665
0.665
0.665
0.665
0.665
0.785
0.665
0.665
0.665
0.785
0.665
0.665
0.775
0.815
0.665
0.665
0.745
0.915
0.905
0.910
0.785
0.665
0.880
0.665
0.790
0.785
0.665
0.675
0.665
0.745
0.790
0.880
0.790
0.665
0.865
0.665
0.795
0.745
0.800
0.705
0.745
0.920
0.865
0.870
0.705
0.910
0.870
0.825
0.665
0.785
0.990
0.745
0.930
0.995
1.055
1.105
1.390
1.030
1.375
1.455
1.540
1.825
2.350
2.125
2.350
2.420
2.745
3.055
3.545
3.875
7.120
24.030
47.185
49.575
64.425
193.280
197.950
14.860
5.675
3.665
2.745
1.990
1.875
1.545
1.370
1.290
1.165
1.170
1.035
0.875
0.870
1.055
0.870
1.035
0.985
1.160
0.990
1.005
0.945
0.880
1.075
0.960
0.990
0.950
0.795
0.785
0.745
0.745
0.665
0.745
0.790
0.875
1.090
0.825
0.675
0.745
0.745
0.775
0.665
0.785
0.755
0.665
0.870
0.785
0.865
1.285
0.745
0.665
0.795
0.665
0.825
0.830
0.745
0.665
0.810
0.665
0.785
0.665
0.955
0.665
0.745
0.785
0.750
0.745
0.745
0.665
0.745
0.665
0.745
0.665
0.665
0.870
0.665
0.665
0.665
0.665
0.790
0.750
0.665
0.665
0.870
0.790
0.665
0.665
0.665
0.695
0.665
0.665
0.665
0.665
0.905
0.790
0.910
0.665
0.795
0.695
0.695
0.665
0.665
0.675
0.870
0.745
0.665
0.665
0.750
0.665
0.790
0.665
0.750
0.665
0.665
0.745
0.795
0.665
0.665
0.665
0.795
0.745
0.745
0.665
0.665
0.795
0.800
0.900
0.825
0.665
0.665
0.790
0.665
0.870
0.745
0.665
0.745
0.665
0.695
0.875
0.790
0.785
0.665
0.825
0.745
0.665
0.745
0.785
0.795
0.745
0.800
0.665
0.695
1.000
0.880
0.665
0.665
0.665
0.665
0.665
0.665
0.665
0.880
0.665
0.665
0.665
0.665
0.665
0.745
0.950
0.665
0.665
0.665
0.665
0.665
0.775
0.900
0.665
0.665
0.665
0.665
0.695
0.665
0.785
0.665
0.675
0.665
0.665
1.030
0.745
1.010
0.745
0.665
0.665
0.745
0.665
0.665
0.665
0.775
0.665
0.755
0.745
0.695
0.745
0.775
0.750
0.665
0.665
0.665
0.790
0.665
0.745
0.665
0.585
0.990
0.745
0.665
0.665
0.795
0.665
0.675
0.665
0.665
0.665
0.695
0.745
0.745
0.675
0.750
0.665
0.665
0.790
0.665
0.755
0.745
0.790
0.665
0.890
0.805
0.665
0.795
0.910
0.675
0.795
0.675
0.745
0.745
0.785
0.805
0.925
0.745
0.665
0.795
0.675
0.665
0.745
0.790
0.665
0.745
0.755
0.830
0.675
0.750
0.665
0.665
0.790
0.790
0.665
0.665
0.665
0.665
0.665
0.665
0.800
0.665
0.745
0.750
0.705
0.695
0.785
0.900
0.665
0.675
0.745
0.870
0.935
0.675
0.755
0.675
0.790
0.910
0.755
0.665
0.675
0.665
0.745
