37.985
39.290
41.260
43.270
45.175
46.940
48.885
50.440
52.870
55.505
58.325
60.125
63.225
65.415
68.640
71.440
74.440
77.630
80.705
83.615
86.965
90.250
93.185
96.345
99.680
103.190
106.440
110.340
113.540
117.000
120.455
124.085
127.540
130.635
134.405
138.200
141.100
144.665
147.270
150.930
154.250
157.440
160.020
162.155
165.415
167.815
170.635
172.745
175.350
177.390
179.040
181.030
183.080
184.975
186.305
187.365
188.480
189.405
190.405
191.150
191.540
192.780
193.200
193.690
194.165
194.705
196.010
196.935
197.615
198.420
199.760
200.485
201.595
202.950
203.530
204.425
205.590
206.900
207.780
208.440
210.440
210.540
212.685
214.315
216.585
217.830
219.430
221.440
223.200
225.525
226.530
229.190
232.350
234.430
237.055
239.540
243.955
255.000
255.000
255.000
255.000
255.000
255.000
255.000
255.000
255.000
255.000
255.000
255.000
255.000
255.000
255.000
255.000
255.000
255.000
255.000
255.000
255.000
255.000
255.000
255.000
255.000
255.000
255.000
255.000
255.000
255.000
255.000
255.000
255.000
255.000
255.000
255.000
255.000
255.000
255.000
255.000
255.000
255.000
255.000
255.000
255.000
255.000
255.000
255.000
255.000
255.000
255.000
255.000
255.000
255.000
255.000
255.000
255.000
255.000
255.000
255.000
255.000
255.000
255.000
255.000
255.000
255.000
255.000
255.000
255.000
255.000
255.000
255.000
255.000
255.000
255.000
255.000
255.000
255.000
255.000
255.000
255.000
255.000
255.000
255.000
255.000
255.000
255.000
255.000
255.000
255.000
255.000
255.000
255.000
255.000
255.000
255.000
255.000
255.000
255.000
255.000
255.000
255.000
255.000
255.000
255.000
255.000
255.000
255.000
255.000
255.000
255.000
255.000
255.000
255.000
255.000
255.000
255.000
255.000
255.000
255.000
255.000
255.000
255.000
255.000
255.000
255.000
255.000
255.000
255.000
255.000
255.000
255.000
255.000
255.000
255.000
255.000
255.000
255.000
255.000
255.000
255.000
255.000
255.000
255.000
255.000
255.000
255.000
255.000
255.000
255.000
255.000
255.000
255.000
255.000
255.000
255.000
255.000
255.000
255.000
255.000
255.000
255.000
255.000
255.000
255.000
255.000
255.000
255.000
255.000
255.000
255.000
255.000
255.000
255.000
255.000
255.000
241.715
239.145
237.110
234.100
231.905
229.390
226.590
225.340
223.340
221.025
219.440
217.145
215.695
213.680
211.455
210.440
209.430
207.830
207.100
206.000
205.225
203.745
203.225
202.340
201.660
200.575
200.440
199.455
199.635
198.725
198.280
197.920
197.590
197.440
197.885
197.265
197.690
197.340
197.350
197.350
197.985
197.340
197.590
197.730
197.965
198.715
198.625
199.355
199.810
200.055
200.350
201.130
201.985
201.750
202.365
202.640
202.905
203.795
203.660
204.090
204.875
205.125
205.535
206.045
206.905
206.880
207.340
207.615
207.640
207.540
207.590
207.200
207.065
207.000
206.675
206.700
205.905
205.975
205.075
204.670
203.745
203.070
202.660
201.705
201.155
200.180
198.255
197.440
194.440
193.325
192.245
191.155
190.425
188.540
187.505
186.555
185.325
183.435
182.065
179.915
178.440
176.755
175.685
174.185
172.430
170.305
168.510
166.400
164.940
162.315
161.105
159.250
157.620
156.250
153.970
152.115
149.785
148.510
146.415
144.970
143.440
141.550
140.090
138.590
137.045
135.770
133.440
132.565
130.440
129.730
128.580
127.290
126.075
125.225
124.095
122.690
121.820
120.590
119.195
118.565
117.690
116.860
116.440
115.330
114.640
114.325
113.350
111.830
111.440
110.730
109.905
109.435
109.590
109.345
108.655
108.415
107.255
106.535
106.350
105.440
105.250
105.175
105.310
105.605
105.350
104.845
104.290
103.415
102.720
101.935
101.805
101.730
101.530
102.055
102.530
101.910
101.680
101.290
101.025
99.890
98.920
99.355
99.550
100.730
101.220
101.490
100.880
100.350
99.455
98.635
98.440
98.565
98.765
100.250
101.440
101.875
102.130
101.590
101.440
100.995
100.260
99.925
99.580
100.930
101.655
103.090
103.340
102.850
102.095
101.340
100.050
98.465
97.690
98.010
99.335
99.900
98.440
98.740
97.970
97.235
96.350
95.440
94.070
93.225
94.715
95.590
96.565
97.540
96.300
95.340
94.440
92.440
91.350
89.540
87.930
87.680
88.680
90.200
90.340
89.070
88.180
86.635
84.925
82.980
81.365
79.930
79.220
79.790
81.375
81.530
80.705
79.530
77.980
76.250
74.545
72.440
70.315
69.440
69.965
71.590
72.440
71.465
68.440
64.510
63.145
61.680
60.135
59.225
58.200
59.820
62.540
63.530
63.350
62.790
61.250
60.240
58.440
57.100
54.985
53.440
53.145
53.440
54.440
54.650
54.000
53.920
53.200
51.245
50.440
49.440
48.340
47.440
48.045
49.070
49.540
49.835
49.340
47.970
47.440
46.525
45.290
44.440
44.005
44.005
44.895
45.590
46.065
45.390
44.890
43.840
42.715
42.025
41.200
40.440
40.590
41.155
41.705
42.340
42.440
42.350
41.100
40.630
39.465
39.340
38.055
38.260
38.350
38.730
39.630
40.055
40.265
39.735
39.100
38.140
37.440
37.450
37.290
37.075
36.970
37.440
37.680
38.180
37.440
37.590
37.440
36.930
36.715
36.190
35.885
36.100
36.440
36.975
37.290
37.440
37.490
37.440
36.590
36.165
35.270
35.170
35.145
35.660
36.145
36.115
36.440
36.440
35.905
35.250
34.440
34.440
34.440
34.350
34.440
34.540
34.465
34.440
34.590
34.735
34.840
34.440
34.440
33.890
33.815
34.245
34.340
34.290
34.245
34.440
34.245
34.130
34.190
33.835
33.190
32.680
32.590
32.600
32.135
31.680
31.440
31.820
31.540
31.440
31.340
30.540
30.415
30.430
30.440
30.490
29.985
29.390
29.540
29.630
29.440
29.055
28.590
28.635
28.455
28.340
27.995
27.465
27.440
27.130
27.040
26.635
26.155
25.630
25.690
25.340
25.340
24.780
23.880
23.565
23.555
23.660
23.225
23.350
22.925
22.290
22.340
21.950
21.440
21.440
21.125
20.795
20.520
20.825
20.640
20.010
19.660
19.380
18.855
18.540
18.440
18.440
18.440
18.340
18.440
18.340
18.340
17.815
17.655
17.625
17.350
17.145
16.565
17.070
16.685
16.670
16.540
16.290
15.905
15.440
15.440
15.440
15.350
15.440
15.290
15.440
15.440
15.440
14.690
14.530
14.505
13.895
14.260
14.200
14.250
14.075
13.810
13.770
13.540
13.540
13.250
13.125
12.825
12.680
12.875
13.325
12.950
12.540
12.825
12.440
12.490
12.415
12.415
11.805
11.955
11.755
12.130
11.885
11.885
11.615
11.465
11.340
11.440
11.440
11.190
11.350
11.240
11.100
11.090
10.655
10.885
10.540
10.530
10.440
10.440
10.440
10.440
10.340
10.350
10.145
10.350
10.075
10.440
9.895
10.150
10.100
10.100
9.790
10.070
9.805
9.900
9.635
9.715
10.010
9.630
9.440
9.660
10.000
9.690
9.440
9.440
9.440
9.440
9.440
9.440
9.350
9.440
9.340
9.440
9.340
8.995
9.225
8.890
8.745
8.900
9.200
8.905
8.790
8.640
8.670
8.680
8.915
8.440
8.540
8.375
7.995
8.530
8.415
8.145
8.250
8.020
7.975
7.975
8.030
7.590
8.225
7.735
7.480
7.730
7.540
7.350
7.140
7.350
7.440
7.145
7.030
7.600
7.200
7.150
7.050
6.805
7.140
7.140
6.975
6.830
6.865
6.840
6.540
6.565
6.625
6.700
6.590
6.355
6.350
6.440
6.215
6.165
5.975
5.780
5.530
5.910
5.465
5.440
5.440
5.440
5.440
5.440
5.440
5.415
5.440
5.440
5.340
5.350
5.440
5.220
4.995
5.130
4.875
4.975
5.075
4.815
4.770
4.810
4.885
4.680
4.265
4.590
4.290
4.260
4.615
4.590
3.920
4.040
3.475
3.785
2.955
3.895
3.285
2.830
2.960
2.745
2.555
2.490
2.440
2.590
2.530
2.440
2.440
2.440
2.440
2.540
2.440
2.440
2.440
2.440
2.440
2.440
2.440
2.440
2.440
2.440
2.290
2.440
2.440
2.325
2.290
1.870
2.190
2.340
2.005
2.110
2.165
1.980
2.125
2.340
1.805
1.840
1.690
2.190
1.780
1.715
1.690
2.065
1.680
1.715
1.875
1.930
1.540
1.530
1.915
2.050
1.635
1.785
1.440
1.440
1.630
1.785
1.725
1.440
1.440
1.440
1.690
1.635
1.440
1.540
1.290
1.590
1.590
1.440
1.290
1.440
1.440
1.440
1.590
1.025
1.440
1.590
1.350
1.590
1.290
1.200
1.650
1.290
1.195
1.290
1.315
1.440
0.940
1.440
